Date,CAT,EUR=X,JPY=X
2004-01-01,,0.7947900295257568,107.30000305175781
2004-01-02,24.241809844970703,0.7947900295257568,106.91000366210938
2004-01-05,24.901762008666992,0.7882099747657776,106.23999786376953
2004-01-06,24.4617919921875,0.7860999703407288,106.2300033569336
2004-01-07,24.194875717163086,0.7910799980163574,106.18000030517578
2004-01-08,24.007169723510742,0.7827799916267395,106.16999816894531
2004-01-09,23.59654426574707,0.7776700258255005,106.58000183105469
2004-01-12,24.183151245117188,0.7848700284957886,106.5999984741211
2004-01-13,24.197816848754883,0.7821099758148193,106.23999786376953
2004-01-14,24.549789428710938,0.7904499769210815,106.23999786376953
2004-01-15,24.56450843811035,0.7935900092124939,106.2699966430664
2004-01-16,24.78841209411621,0.8065800070762634,106.75
2004-01-19,,0.8094499707221985,107.2300033569336
2004-01-20,24.2021427154541,0.7943400144577026,107.0
2004-01-21,24.570405960083008,0.7899500131607056,106.80999755859375
2004-01-22,24.747167587280273,0.7858499884605408,106.12999725341797
2004-01-23,24.797258377075195,0.7947199940681458,106.75
2004-01-26,25.044721603393555,0.8007699847221375,106.3499984741211
2004-01-27,24.157955169677734,0.7913299798965454,105.62999725341797
2004-01-28,23.456787109375,0.8037300109863281,106.12999725341797
2004-01-29,22.761510848999023,0.8058000206947327,105.91000366210938
2004-01-30,23.017818450927734,0.802049994468689,105.72000122070312
2004-02-02,22.829280853271484,0.8043100237846375,105.5199966430664
2004-02-03,22.696691513061523,0.7977700233459473,105.47000122070312
2004-02-04,22.36083984375,0.7974500060081482,105.44999694824219
2004-02-05,22.484573364257812,0.7954199910163879,105.63999938964844
2004-02-06,23.126821517944336,0.7874000072479248,105.44999694824219
2004-02-09,22.882293701171875,0.7877699732780457,105.81999969482422
2004-02-10,22.555280685424805,0.7883300185203552,105.58000183105469
2004-02-11,23.2623348236084,0.779420018196106,105.33999633789062
2004-02-12,23.182796478271484,0.7801499962806702,105.30000305175781
2004-02-13,22.80864715576172,0.7856699824333191,105.19999694824219
2004-02-16,,0.7833899855613708,105.44999694824219
2004-02-17,23.42733383178711,0.7777299880981445,105.61000061035156
2004-02-18,23.247610092163086,0.7858499884605408,106.33999633789062
2004-02-19,23.135662078857422,0.7838799953460693,106.91000366210938
2004-02-20,22.631877899169922,0.7973200082778931,108.94999694824219
2004-02-23,22.749719619750977,0.7954199910163879,108.30000305175781
2004-02-24,22.596513748168945,0.7887700200080872,108.19999694824219
2004-02-25,22.737943649291992,0.8001899719238281,108.97000122070312
2004-02-26,22.96478843688965,0.8033400177955627,109.4800033569336
2004-02-27,22.3166446685791,0.8003799915313721,109.25
2004-03-01,22.637773513793945,0.8033400177955627,108.91000366210938
2004-03-02,22.858732223510742,0.8194000124931335,110.1500015258789
2004-03-03,22.779190063476562,0.8202800154685974,110.11000061035156
2004-03-04,22.655437469482422,0.8191999793052673,111.25
2004-03-05,22.499324798583984,0.8085399866104126,112.0
2004-03-08,22.652507781982422,0.8047599792480469,111.29000091552734
2004-03-09,22.508146286010742,0.8117499947547913,111.45999908447266
2004-03-10,21.65671730041504,0.8175299763679504,110.88999938964844
2004-03-11,21.5506649017334,0.8096500039100647,110.83000183105469
2004-03-12,22.0750675201416,0.8180599808692932,110.6500015258789
2004-03-15,21.795196533203125,0.8148599863052368,110.30999755859375
2004-03-16,22.19880485534668,0.8155900239944458,108.70999908447266
2004-03-17,22.749719619750977,0.8178600072860718,108.26000213623047
2004-03-18,22.743831634521484,0.8071699738502502,106.79000091552734
2004-03-19,22.478681564331055,0.815060019493103,106.66000366210938
2004-03-22,22.242996215820312,0.8099799752235413,106.76000213623047
2004-03-23,22.346118927001953,0.8100399971008301,106.76000213623047
2004-03-24,22.48752212524414,0.8237900137901306,106.4000015258789
2004-03-25,22.72909927368164,0.823930025100708,106.12999725341797
2004-03-26,22.814531326293945,0.8246099948883057,106.18000030517578
2004-03-29,23.41553497314453,0.8219599723815918,105.45999908447266
2004-03-30,23.56873893737793,0.8206800222396851,105.83999633789062
2004-03-31,23.294750213623047,0.8121500015258789,104.20999908447266
2004-04-01,23.274133682250977,0.8087300062179565,103.73999786376953
2004-04-02,23.922269821166992,0.8244699835777283,104.61000061035156
2004-04-05,24.278745651245117,0.8324300050735474,105.08999633789062
2004-04-06,24.426050186157227,0.8243299722671509,105.76000213623047
2004-04-07,24.187423706054688,0.8219599723815918,105.22000122070312
2004-04-08,24.152061462402344,0.8280199766159058,106.41999816894531
2004-04-09,,0.8274000287055969,106.4000015258789
2004-04-12,24.673526763916016,0.8282899856567383,105.3499984741211
2004-04-13,24.163846969604492,0.837660014629364,106.81999969482422
2004-04-14,23.872188568115234,0.8370299935340881,108.66999816894531
2004-04-15,23.80443572998047,0.8342400193214417,108.20999908447266
2004-04-16,24.149118423461914,0.8331300020217896,107.80000305175781
2004-04-19,23.863346099853516,0.8328499794006348,108.38999938964844
2004-04-20,23.562849044799805,0.8440200090408325,108.95999908447266
2004-04-21,23.886920928955078,0.8467400074005127,109.3499984741211
2004-04-22,24.890230178833008,0.8385699987411499,109.37999725341797
2004-04-23,24.256864547729492,0.8438799977302551,109.16000366210938
2004-04-26,23.943143844604492,0.8430299758911133,108.62999725341797
2004-04-27,24.20951271057129,0.8382899761199951,109.5199966430664
2004-04-28,23.58798599243164,0.8443800210952759,110.0199966430664
2004-04-29,22.960561752319336,0.8361200094223022,109.93000030517578
2004-04-30,23.00495147705078,0.8345199823379517,110.37000274658203
2004-05-03,23.49032974243164,0.8378000259399414,110.16000366210938
2004-05-04,23.383785247802734,0.8260999917984009,109.55000305175781
2004-05-05,23.321638107299805,0.8224400281906128,108.81999969482422
2004-05-06,23.04046058654785,0.8280199766159058,109.73999786376953
2004-05-07,22.82442283630371,0.8417500257492065,112.30999755859375
2004-05-10,21.56954574584961,0.8441699743270874,113.7300033569336
2004-05-11,21.63466453552246,0.8416100144386292,112.94000244140625
2004-05-12,22.155546188354492,0.8399800062179565,112.97000122070312
2004-05-13,22.096357345581055,0.8471699953079224,114.58999633789062
2004-05-14,22.401187896728516,0.8416100144386292,114.11000061035156
2004-05-17,21.764888763427734,0.83160001039505,114.43000030517578
2004-05-18,21.827035903930664,0.8371700048446655,114.08999633789062
2004-05-19,21.841833114624023,0.8330600261688232,112.8499984741211
2004-05-20,21.386058807373047,0.836329996585846,112.7300033569336
2004-05-21,21.613943099975586,0.8313900232315063,112.33999633789062
2004-05-24,21.90102767944336,0.8334000110626221,113.12000274658203
2004-05-25,22.093399047851562,0.8263800144195557,111.80999755859375
2004-05-26,22.152587890625,0.8256999850273132,111.86000061035156
2004-05-27,22.24729347229004,0.8145999908447266,111.06999969482422
2004-05-28,22.300575256347656,0.8184599876403809,109.97000122070312
2004-05-31,,0.8197399973869324,109.5199966430664
2004-06-01,22.481107711791992,0.8166599869728088,110.41999816894531
2004-06-02,22.617244720458984,0.8184000253677368,109.8499984741211
2004-06-03,22.241382598876953,0.8182600140571594,111.16000366210938
2004-06-04,22.344968795776367,0.8146600127220154,111.26000213623047
2004-06-07,22.996078491210938,0.8118199706077576,109.62000274658203
2004-06-08,22.82442283630371,0.8155900239944458,109.52999877929688
2004-06-09,22.31537437438965,0.8303599953651428,110.38999938964844
2004-06-10,22.374555587768555,0.8258299827575684,109.2699966430664
2004-06-11,,0.83228999376297,110.12999725341797
2004-06-14,22.125957489013672,0.8290500044822693,110.98999786376953
2004-06-15,22.312408447265625,0.8219599723815918,109.41000366210938
2004-06-16,21.903982162475586,0.8328499794006348,110.08999633789062
2004-06-17,22.114112854003906,0.8309800028800964,109.58000183105469
2004-06-18,22.025331497192383,0.8233799934387207,108.72000122070312
2004-06-21,22.19106674194336,0.8246700167655945,108.68000030517578
2004-06-22,22.68531608581543,0.8249499797821045,109.19000244140625
2004-06-23,23.052305221557617,0.8274000287055969,108.20999908447266
2004-06-24,23.41042709350586,0.8214200139045715,107.19000244140625
2004-06-25,23.12926483154297,0.8194699883460999,107.5999984741211
2004-06-28,22.930965423583984,0.8205500245094299,107.98999786376953
2004-06-29,23.327547073364258,0.8265799880027771,108.19000244140625
2004-06-30,23.51105308532715,0.8207499980926514,108.87000274658203
2004-07-01,23.138139724731445,0.8222299814224243,108.47000122070312
2004-07-02,22.706029891967773,0.812279999256134,108.26000213623047
2004-07-05,,0.8130099773406982,109.01000213623047
2004-07-06,22.70899772644043,0.8140000104904175,109.41000366210938
2004-07-07,22.9368839263916,0.8083400130271912,108.5199966430664
2004-07-08,22.649797439575195,0.8067799806594849,108.8499984741211
2004-07-09,22.812576293945312,0.8052200078964233,108.18000030517578
2004-07-12,23.152938842773438,0.8059300184249878,108.30999755859375
2004-07-13,23.460729598999023,0.8108299970626831,108.41999816894531
2004-07-14,23.31570816040039,0.8074300289154053,109.1500015258789
2004-07-15,23.499208450317383,0.8093199729919434,109.76000213623047
2004-07-16,23.14816665649414,0.8028299808502197,108.7300033569336
2004-07-19,23.26121711730957,0.8038600087165833,108.2699966430664
2004-07-20,23.225515365600586,0.8107699751853943,108.48999786376953
2004-07-21,22.892314910888672,0.8154600262641907,109.87000274658203
2004-07-22,21.8748779296875,0.8159300088882446,109.76000213623047
2004-07-23,21.782651901245117,0.8267199993133545,110.1500015258789
2004-07-26,21.59820556640625,0.8237900137901306,109.87000274658203
2004-07-27,21.47028350830078,0.8289099931716919,110.87999725341797
2004-07-28,21.84512710571289,0.8302900195121765,111.75
2004-07-29,21.993871688842773,0.8306999802589417,112.11000061035156
2004-07-30,21.862972259521484,0.8322200179100037,111.36000061035156
2004-08-02,21.74695587158203,0.8318099975585938,110.8499984741211
2004-08-03,21.32451057434082,0.8296700119972229,110.6500015258789
2004-08-04,21.330463409423828,0.8291900157928467,111.0
2004-08-05,20.7116756439209,0.8297399878501892,111.75
2004-08-06,20.899089813232422,0.8124799728393555,110.51000213623047
2004-08-09,20.84554672241211,0.8148000240325928,110.6500015258789
2004-08-10,21.199562072753906,0.8172600269317627,111.22000122070312
2004-08-11,21.43756103515625,0.8181999921798706,110.76000213623047
2004-08-12,21.348316192626953,0.8170599937438965,110.87999725341797
2004-08-13,21.345333099365234,0.8080199956893921,110.69999694824219
2004-08-16,21.67853355407715,0.8091300129890442,110.38999938964844
2004-08-17,21.5625057220459,0.8100399971008301,109.94999694824219
2004-08-18,21.56846046447754,0.8103700280189514,109.43000030517578
2004-08-19,21.208498001098633,0.8082799911499023,109.36000061035156
2004-08-20,21.491113662719727,0.8115599751472473,109.11000061035156
2004-08-23,21.43459701538086,0.8229100108146667,109.73999786376953
2004-08-24,21.76183319091797,0.8276799917221069,109.69000244140625
2004-08-25,21.976032257080078,0.8274000287055969,110.0999984741211
2004-08-26,21.928428649902344,0.8265100121498108,109.62000274658203
2004-08-27,21.925458908081055,0.8319500088691711,109.66000366210938
2004-08-30,21.49409294128418,0.8299400210380554,109.91999816894531
2004-08-31,21.627958297729492,0.821150004863739,109.16999816894531
2004-09-01,21.604164123535156,0.8203399777412415,109.36000061035156
2004-09-02,21.770753860473633,0.8214899897575378,109.5
2004-09-03,21.88381004333496,0.8295300006866455,110.41000366210938
2004-09-06,,0.8287799954414368,110.1500015258789
2004-09-07,22.44310760498047,0.8265100121498108,109.37000274658203
2004-09-08,22.371700286865234,0.8204100131988525,109.20999908447266
2004-09-09,22.273529052734375,0.816860020160675,109.38999938964844
2004-09-10,22.341941833496094,0.8148000240325928,109.58000183105469
2004-09-13,22.597795486450195,0.8153899908065796,110.05000305175781
2004-09-14,22.526399612426758,0.8156599998474121,109.54000091552734
2004-09-15,22.20807456970215,0.8225700259208679,110.0199966430664
2004-09-16,22.264591217041016,0.8203399777412415,109.61000061035156
2004-09-17,22.645395278930664,0.8208799958229065,109.69999694824219
2004-09-20,22.57400131225586,0.8214200139045715,109.91000366210938
2004-09-21,22.70786476135254,0.8111000061035156,109.77999877929688
2004-09-22,22.4193058013916,0.8151999711990356,110.5999984741211
2004-09-23,22.1634521484375,0.8148599863052368,110.73999786376953
2004-09-24,22.24080467224121,0.8145999908447266,110.54000091552734
2004-09-27,22.13965606689453,0.8124799728393555,111.16999816894531
2004-09-28,22.877429962158203,0.8116199970245361,111.30999755859375
2004-09-29,23.94842529296875,0.8105700016021729,111.0199966430664
2004-09-30,23.93355941772461,0.8042500019073486,110.08000183105469
2004-10-01,23.978179931640625,0.8054800033569336,110.4800033569336
2004-10-04,24.171546936035156,0.8136699795722961,110.8499984741211
2004-10-05,23.909753799438477,0.8119500279426575,111.05999755859375
2004-10-06,24.09717559814453,0.81427001953125,111.33999633789062
2004-10-07,23.799680709838867,0.8130699992179871,111.11000061035156
2004-10-08,23.650928497314453,0.8058000206947327,109.5
2004-10-11,23.624160766601562,0.8074899911880493,109.37000274658203
2004-10-12,23.72233772277832,0.8116199970245361,109.66999816894531
2004-10-13,23.528961181640625,0.8097800016403198,109.66999816894531
2004-10-14,23.650928497314453,0.8071699738502502,109.6500015258789
2004-10-15,24.123947143554688,0.8013499975204468,109.37000274658203
2004-10-18,24.135848999023438,0.8007000088691711,109.3499984741211
2004-10-19,24.058494567871094,0.7987899780273438,108.3499984741211
2004-10-20,24.03470802307129,0.794979989528656,108.30000305175781
2004-10-21,23.03300666809082,0.792389988899231,107.41000366210938
2004-10-22,23.12569808959961,0.7879599928855896,107.5199966430664
2004-10-25,23.42471694946289,0.7805799841880798,106.5999984741211
2004-10-26,23.744665145874023,0.7833899855613708,106.68000030517578
2004-10-27,24.160295486450195,0.7870299816131592,106.6500015258789
2004-10-28,23.780540466308594,,
2004-10-29,24.082548141479492,0.7817400097846985,105.72000122070312
2004-11-01,24.471267700195312,0.7845600247383118,106.44999694824219
2004-11-02,24.51611328125,0.7861599922180176,106.06999969482422
2004-11-03,25.191884994506836,0.7797300219535828,106.12000274658203
2004-11-04,25.67927360534668,0.7768200039863586,106.08000183105469
2004-11-05,26.06499481201172,0.7711899876594543,105.48999786376953
2004-11-08,26.01715087890625,0.7747099995613098,105.62000274658203
2004-11-09,26.405874252319336,0.7752500176429749,105.75
2004-11-10,26.534460067749023,0.7760400176048279,106.97000122070312
2004-11-11,26.866361618041992,0.774590015411377,106.68000030517578
2004-11-12,26.902240753173828,0.7710099816322327,105.6500015258789
2004-11-15,26.818510055541992,0.7728000283241272,105.41000366210938
2004-11-16,26.87533187866211,0.7714899778366089,105.41999816894531
2004-11-17,27.174331665039062,0.7669900059700012,104.05000305175781
2004-11-18,27.341796875,0.7722600102424622,104.30000305175781
2004-11-19,26.965028762817383,0.7669299840927124,103.08000183105469
2004-11-22,26.94110679626465,0.7668700218200684,103.16000366210938
2004-11-23,27.17733383178711,0.7635300159454346,103.33000183105469
2004-11-24,27.527172088623047,0.758840024471283,102.83999633789062
2004-11-25,,0.7542600035667419,102.5199966430664
2004-11-26,27.748449325561523,0.7521600127220154,102.52999877929688
2004-11-29,27.258071899414062,0.7538599967956543,103.02999877929688
2004-11-30,27.374685287475586,0.751990020275116,102.9000015258789
2004-12-01,27.703590393066406,0.7492899894714355,102.51000213623047
2004-12-02,27.428503036499023,0.7540900111198425,103.0999984741211
2004-12-03,27.18630027770996,0.742609977722168,102.08999633789062
2004-12-06,27.081628799438477,0.7464900016784668,103.12999725341797
2004-12-07,27.15639305114746,0.7445499897003174,102.86000061035156
2004-12-08,27.099597930908203,0.7493399977684021,104.02999877929688
2004-12-09,27.35077476501465,0.7516499757766724,104.68000030517578
2004-12-10,27.395606994628906,0.756659984588623,105.0199966430664
2004-12-13,28.101274490356445,0.7507500052452087,104.69000244140625
2004-12-14,28.017562866210938,0.7513700127601624,105.19999694824219
2004-12-15,28.37039566040039,0.7460500001907349,104.25
2004-12-16,28.343477249145508,0.7546600103378296,104.58000183105469
2004-12-17,28.179025650024414,0.7511500120162964,104.1500015258789
2004-12-20,28.21192169189453,0.7467100024223328,104.1500015258789
2004-12-21,28.783042907714844,0.7480000257492065,104.30000305175781
2004-12-22,29.049156188964844,0.7467700242996216,104.16000366210938
2004-12-23,29.096982955932617,0.7400799989700317,103.55000305175781
2004-12-24,,0.7386599779129028,103.6500015258789
2004-12-27,28.735193252563477,0.734000027179718,102.88999938964844
2004-12-28,29.443851470947266,0.7356200218200684,103.19000244140625
2004-12-29,29.443851470947266,0.7349200248718262,103.94000244140625
2004-12-30,29.165752410888672,0.733780026435852,102.91000366210938
2004-12-31,29.156801223754883,0.7371900081634521,102.51000213623047
2005-01-03,28.427209854125977,0.742389976978302,102.73999786376953
2005-01-04,28.113243103027344,0.7529000043869019,104.33999633789062
2005-01-05,27.57502555847168,0.7530099749565125,103.93000030517578
2005-01-06,27.98167610168457,0.7585499882698059,104.88999938964844
2005-01-07,27.921878814697266,0.7656400203704834,104.88999938964844
2005-01-10,27.66473388671875,0.7627800107002258,104.16999816894531
2005-01-11,27.28199005126953,0.7623699903488159,103.41999816894531
2005-01-12,27.6198673248291,0.7543799877166748,102.44000244140625
2005-01-13,27.76638412475586,0.7569400072097778,102.45999908447266
2005-01-14,28.01456069946289,0.7634199857711792,101.9800033569336
2005-01-17,,0.766219973564148,102.26000213623047
2005-01-18,27.789316177368164,0.7681699991226196,102.26000213623047
2005-01-19,27.482994079589844,0.7690500020980835,102.91000366210938
2005-01-20,27.053531646728516,0.7714300155639648,103.37000274658203
2005-01-21,26.798236846923828,0.7692899703979492,102.61000061035156
2005-01-24,26.46487808227539,0.7669299840927124,102.58000183105469
2005-01-25,27.179655075073242,0.7709500193595886,104.0199966430664
2005-01-26,27.365863800048828,0.7646399736404419,103.06999969482422
2005-01-27,25.984359741210938,0.7668099999427795,102.8499984741211
2005-01-28,26.26665687561035,0.7665799856185913,102.7300033569336
2005-01-31,26.759199142456055,0.7661700248718262,103.5999984741211
2005-02-01,27.065534591674805,0.7669299840927124,103.63999938964844
2005-02-02,27.332834243774414,0.7673400044441223,103.66000366210938
2005-02-03,27.570083618164062,0.7708899974822998,104.45999908447266
2005-02-04,27.60011100769043,0.7777299880981445,104.04000091552734
2005-02-07,27.43793487548828,0.7834500074386597,104.81999969482422
2005-02-08,27.473974227905273,0.7830899953842163,105.70999908447266
2005-02-09,27.221710205078125,0.780460000038147,105.58999633789062
2005-02-10,27.648162841796875,0.776639997959137,105.81999969482422
2005-02-11,27.864397048950195,0.7777900099754333,105.75
2005-02-14,27.696229934692383,0.770829975605011,105.0999984741211
2005-02-15,27.479982376098633,0.7682300209999084,104.55000305175781
2005-02-16,27.792327880859375,0.7678700089454651,105.4800033569336
2005-02-17,27.57608413696289,0.7648199796676636,105.4800033569336
2005-02-18,27.28176498413086,0.7651699781417847,105.62999725341797
2005-02-21,,0.7654600143432617,105.44000244140625
2005-02-22,26.867313385009766,0.7540900111198425,104.2300033569336
2005-02-23,27.16764259338379,0.7573999762535095,105.05000305175781
2005-02-24,27.978532791137695,0.7585499882698059,105.5
2005-02-25,28.477073669433594,0.7549399733543396,105.23999786376953
2005-02-28,28.546140670776367,0.756600022315979,104.52999877929688
2005-03-01,29.24291229248047,0.759190022945404,104.44999694824219
2005-03-02,29.18284797668457,0.7612699866294861,104.7699966430664
2005-03-03,29.354028701782227,0.7630100250244141,105.29000091552734
2005-03-04,30.02076530456543,0.7548900246620178,104.79000091552734
2005-03-07,29.70241928100586,0.7563199996948242,105.08999633789062
2005-03-08,29.732444763183594,0.7489500045776367,104.56999969482422
2005-03-09,29.074724197387695,0.7475500106811523,104.01000213623047
2005-03-10,29.51021385192871,0.744159996509552,103.93000030517578
2005-03-11,29.732444763183594,0.7422299981117249,104.08000183105469
2005-03-14,28.99062728881836,0.7482200264930725,104.93000030517578
2005-03-15,29.056705474853516,0.7513099908828735,104.54000091552734
2005-03-16,28.912553787231445,0.7456600069999695,104.19000244140625
2005-03-17,29.07773208618164,0.747439980506897,104.52999877929688
2005-03-18,28.951595306396484,0.7506399750709534,104.70999908447266
2005-03-21,28.88553237915039,0.7598199844360352,105.20999908447266
2005-03-22,28.44403076171875,0.7646999955177307,105.5999984741211
2005-03-23,28.122684478759766,0.7696499824523926,105.91000366210938
2005-03-24,28.10466766357422,0.7732800245285034,106.41999816894531
2005-03-25,,0.77183997631073,106.36000061035156
2005-03-28,28.296873092651367,0.7754899859428406,107.23999786376953
2005-03-29,26.969425201416016,0.7729200124740601,107.33000183105469
2005-03-30,27.473974227905273,0.7742900252342224,107.52999877929688
2005-03-31,27.46196746826172,0.7711899876594543,107.13999938964844
2005-04-01,27.074546813964844,0.774649977684021,107.66000366210938
2005-04-04,27.092567443847656,0.7782099843025208,108.27999877929688
2005-04-05,27.137605667114258,0.7777299880981445,108.2699966430664
2005-04-06,27.446950912475586,0.777180016040802,108.68000030517578
2005-04-07,27.504013061523438,0.7782099843025208,108.58999633789062
2005-04-08,27.236719131469727,0.7731000185012817,108.16000366210938
2005-04-11,27.08054542541504,0.7709500193595886,107.7300033569336
2005-04-12,27.446950912475586,0.7742900252342224,107.80000305175781
2005-04-13,26.60903549194336,0.7744699716567993,107.31999969482422
2005-04-14,25.647985458374023,0.7815600037574768,108.30000305175781
2005-04-15,25.06534767150879,0.7770000100135803,107.70999908447266
2005-04-18,25.101396560668945,0.7681699991226196,107.43000030517578
2005-04-19,25.51283836364746,0.7653999924659729,106.86000061035156
2005-04-20,26.440845489501953,0.7641199827194214,106.8499984741211
2005-04-21,27.053363800048828,0.7664600014686584,106.7699966430664
2005-04-22,27.098628997802734,0.7655799984931946,105.94999694824219
2005-04-25,27.49690818786621,0.7695900201797485,105.70999908447266
2005-04-26,26.811992645263672,0.7701200246810913,106.12000274658203
2005-04-27,26.567583084106445,0.773930013179779,105.93000030517578
2005-04-28,26.160236358642578,0.7748900055885315,106.04000091552734
2005-04-29,26.567583084106445,0.776639997959137,104.6500015258789
2005-05-02,26.673198699951172,0.7784500122070312,105.0999984741211
2005-05-03,26.42576789855957,0.7759799957275391,104.87000274658203
2005-05-04,26.980953216552734,0.7721999883651733,104.5199966430664
2005-05-05,27.11070442199707,0.77183997631073,104.51000213623047
2005-05-06,27.204242706298828,0.7805200219154358,105.06999969482422
2005-05-09,27.240442276000977,0.7779099941253662,105.70999908447266
2005-05-10,27.05035400390625,0.7759799957275391,105.45999908447266
2005-05-11,27.42751121520996,0.7803999781608582,105.75
2005-05-12,26.818008422851562,0.7885800004005432,106.81999969482422
2005-05-13,26.854223251342773,0.792639970779419,107.30999755859375
2005-05-16,27.270618438720703,0.7911400198936462,106.8499984741211
2005-05-17,27.74735450744629,0.7934600114822388,107.43000030517578
2005-05-18,28.218040466308594,0.7885800004005432,107.01000213623047
2005-05-19,28.212024688720703,0.791450023651123,107.5999984741211
2005-05-20,28.251245498657227,0.7963700294494629,108.1500015258789
2005-05-23,28.374967575073242,0.7954800128936768,107.76000213623047
2005-05-24,28.311601638793945,0.7956699728965759,107.58999633789062
2005-05-25,27.901235580444336,0.7937099933624268,107.68000030517578
2005-05-26,28.49263572692871,0.7991099953651428,108.02999877929688
2005-05-27,28.456432342529297,0.7947900295257568,107.9800033569336
2005-05-30,,0.8010900020599365,107.95999908447266
2005-05-31,28.396089553833008,0.8124799728393555,108.4000015258789
2005-06-01,28.80643081665039,0.8199399709701538,108.66000366210938
2005-06-02,28.718936920166016,0.8151999711990356,108.20999908447266
2005-06-03,28.353836059570312,0.8176599740982056,107.63999938964844
2005-06-06,28.408153533935547,0.8156599998474121,106.87000274658203
2005-06-07,28.522798538208008,0.8144000172615051,106.62999725341797
2005-06-08,29.1413631439209,0.8171300292015076,107.22000122070312
2005-06-09,29.403860092163086,0.817799985408783,107.4800033569336
2005-06-10,29.274118423461914,0.823930025100708,108.6500015258789
2005-06-13,29.443103790283203,0.825219988822937,109.44999694824219
2005-06-14,29.741811752319336,0.831529974937439,109.4000015258789
2005-06-15,29.744827270507812,0.8249499797821045,109.16999816894531
2005-06-16,29.66335678100586,0.8265100121498108,108.95999908447266
2005-06-17,30.23363494873047,0.8144000172615051,108.52999877929688
2005-06-20,30.4146785736084,0.8229100108146667,109.3499984741211
2005-06-21,30.837100982666016,0.8214200139045715,108.41000366210938
2005-06-22,30.34526824951172,0.8250100016593933,108.76000213623047
2005-06-23,29.71164321899414,0.8313199877738953,108.91999816894531
2005-06-24,29.225839614868164,0.8265799880027771,108.97000122070312
2005-06-27,29.243946075439453,0.8220999836921692,109.27999877929688
2005-06-28,29.509471893310547,0.8282899856567383,109.7699966430664
2005-06-29,29.159467697143555,0.8279500007629395,110.44000244140625
2005-06-30,28.758153915405273,0.8270599842071533,110.86000061035156
2005-07-01,28.945236206054688,0.8378000259399414,111.73999786376953
2005-07-04,,0.8396999835968018,111.55999755859375
2005-07-05,29.01764678955078,0.8381500244140625,111.55000305175781
2005-07-06,28.755149841308594,0.8382899761199951,112.25
2005-07-07,29.37371063232422,0.8371700048446655,112.0
2005-07-08,29.78105354309082,0.8346499800682068,112.26000213623047
2005-07-11,30.164228439331055,0.8285700082778931,111.69999694824219
2005-07-12,29.859487533569336,0.8176599740982056,110.95999908447266
2005-07-13,30.12500762939453,0.8278099894523621,112.01000213623047
2005-07-14,30.776748657226562,0.8268600106239319,112.27999877929688
2005-07-15,30.577617645263672,0.8301500082015991,112.20999908447266
2005-07-18,30.668132781982422,0.8294600248336792,111.88999938964844
2005-07-19,32.225074768066406,0.8312600255012512,112.9000015258789
2005-07-20,32.255374908447266,0.8224999904632568,112.7300033569336
2005-07-21,31.70970916748047,0.8223000168800354,110.43000030517578
2005-07-22,31.77641487121582,0.8291199803352356,111.30000305175781
2005-07-25,31.436866760253906,0.8288400173187256,111.63999938964844
2005-07-26,31.418684005737305,0.8321499824523926,112.51000213623047
2005-07-27,32.00679397583008,0.8287100195884705,112.44999694824219
2005-07-28,33.01327133178711,0.8242700099945068,112.2699966430664
2005-07-29,32.685855865478516,0.8248100280761719,112.44000244140625
2005-08-01,32.7525520324707,0.8207499980926514,112.22000122070312
2005-08-02,33.01932907104492,0.8200799822807312,111.38999938964844
2005-08-03,32.976890563964844,0.810699999332428,111.0999984741211
2005-08-04,32.7525520324707,0.8074300289154053,111.2300033569336
2005-08-05,32.50398635864258,0.8086699843406677,111.80000305175781
2005-08-08,32.54640579223633,0.8096500039100647,112.08000183105469
2005-08-09,32.94658660888672,0.8078799843788147,111.77999877929688
2005-08-10,33.346744537353516,0.8073599934577942,110.6500015258789
2005-08-11,33.64989471435547,0.8017299771308899,109.69999694824219
2005-08-12,33.225467681884766,0.8035399913787842,109.33999633789062
2005-08-15,33.50436782836914,0.8083400130271912,109.33000183105469
2005-08-16,32.55247497558594,0.809719979763031,109.5999984741211
2005-08-17,32.41303253173828,0.8144599795341492,109.8499984741211
2005-08-18,32.22507858276367,0.8207499980926514,110.45999908447266
2005-08-19,33.23760223388672,0.8227099776268005,110.44000244140625
2005-08-22,33.23153305053711,0.8173900246620178,109.69000244140625
2005-08-23,33.15877914428711,0.817330002784729,109.86000061035156
2005-08-24,32.26142883300781,0.8147299885749817,110.2300033569336
2005-08-25,32.376644134521484,0.8128799796104431,110.06999969482422
2005-08-26,32.43122863769531,0.8133999705314636,110.16000366210938
2005-08-29,32.55854415893555,0.817330002784729,110.66999816894531
2005-08-30,32.607032775878906,0.8184599876403809,111.3499984741211
2005-08-31,33.64382553100586,0.8103100061416626,110.6500015258789
2005-09-01,34.522972106933594,0.8006399869918823,109.88999938964844
2005-09-02,35.31722640991211,0.7978900074958801,109.80000305175781
2005-09-05,,0.7982800006866455,109.31999969482422
2005-09-06,35.4748649597168,0.8026999831199646,109.61000061035156
2005-09-07,35.81439208984375,0.8054100275039673,110.02999877929688
2005-09-08,35.365726470947266,0.8068400025367737,110.51000213623047
2005-09-09,35.68708801269531,0.8057399988174438,109.62000274658203
2005-09-12,35.94777297973633,0.8136000037193298,110.25
2005-09-13,36.01447677612305,0.814329981803894,110.70999908447266
2005-09-14,35.3475341796875,0.8144000172615051,110.47000122070312
2005-09-15,35.00800323486328,0.8172600269317627,110.5999984741211
2005-09-16,34.99586486816406,0.8170599937438965,111.31999969482422
2005-09-19,34.541141510009766,0.8237900137901306,111.47000122070312
2005-09-20,34.444149017333984,0.8251500129699707,111.95999908447266
2005-09-21,34.62603759765625,,
2005-09-22,35.165645599365234,0.8227699995040894,111.62999725341797
2005-09-23,35.72344970703125,0.8305000066757202,112.4800033569336
2005-09-26,35.37178421020508,0.8282899856567383,112.31999969482422
2005-09-27,35.60218811035156,0.8320199847221375,113.25
2005-09-28,34.892818450927734,0.8290500044822693,112.91000366210938
2005-09-29,35.15957260131836,0.8318799734115601,113.19999694824219
2005-09-30,35.62038803100586,0.8313900232315063,113.45999908447266
2005-10-03,35.77800750732422,0.8394200205802917,114.25
2005-10-04,35.032257080078125,0.8389999866485596,114.3499984741211
2005-10-05,34.08641815185547,0.8324999809265137,114.0999984741211
2005-10-06,33.46192169189453,0.8215600252151489,113.33999633789062
2005-10-07,34.328941345214844,0.824400007724762,113.77999877929688
2005-10-10,33.69231414794922,0.8299400210380554,114.22000122070312
2005-10-11,33.6862678527832,0.8343799710273743,114.55000305175781
2005-10-12,33.20121383666992,0.8313900232315063,114.37000274658203
2005-10-13,32.74044418334961,0.8320199847221375,114.4800033569336
2005-10-14,33.189090728759766,0.8280199766159058,114.05000305175781
2005-10-17,33.36492919921875,0.8325700163841248,115.0999984741211
2005-10-18,32.716182708740234,0.8364700078964233,115.79000091552734
2005-10-19,33.60746383666992,0.8351399898529053,115.5199966430664
2005-10-20,32.90702438354492,0.8320900201797485,115.30999755859375
2005-10-21,29.79477310180664,0.8365399837493896,115.9000015258789
2005-10-24,30.641368865966797,0.8349999785423279,115.47000122070312
2005-10-25,30.629175186157227,0.8256300091743469,115.11000061035156
2005-10-26,30.78752899169922,0.828980028629303,115.91000366210938
2005-10-27,30.391653060913086,0.8235200047492981,115.36000061035156
2005-10-28,31.104251861572266,0.8284299969673157,115.56999969482422
2005-10-31,32.03001403808594,0.8341000080108643,116.44000244140625
2005-11-01,32.10917663574219,0.8316699862480164,116.76000213623047
2005-11-02,32.69994354248047,0.8286700248718262,116.80000305175781
2005-11-03,32.572052001953125,0.836679995059967,117.22000122070312
2005-11-04,32.61469268798828,0.8465200066566467,118.30999755859375
2005-11-07,33.04103088378906,0.8479599952697754,117.62000274658203
2005-11-08,33.04103088378906,0.8497599959373474,117.4000015258789
2005-11-09,32.94966125488281,0.8490399718284607,117.73999786376953
2005-11-10,33.30900955200195,0.8564900159835815,117.95999908447266
2005-11-11,33.41862869262695,0.852150022983551,118.04000091552734
2005-11-14,33.759708404541016,0.8552899956703186,118.79000091552734
2005-11-15,34.04597473144531,0.852370023727417,118.8499984741211
2005-11-16,34.55146408081055,0.8563799858093262,119.0999984741211
2005-11-17,35.002174377441406,0.8512099981307983,118.80999755859375
2005-11-18,34.886444091796875,0.8491799831390381,119.08999633789062
2005-11-21,35.148353576660156,0.8520100116729736,119.08000183105469
2005-11-22,35.78783416748047,0.8464499711990356,118.86000061035156
2005-11-23,35.331058502197266,0.8468800187110901,118.76000213623047
2005-11-24,,0.8488199710845947,119.11000061035156
2005-11-25,35.294517517089844,0.8528800010681152,119.63999938964844
2005-11-28,34.98999786376953,0.8438799977302551,118.9000015258789
2005-11-29,34.77682876586914,0.8497599959373474,119.75
2005-11-30,35.19099044799805,0.847100019454956,119.72000122070312
2005-12-01,35.934024810791016,0.851639986038208,120.41000366210938
2005-12-02,35.818302154541016,0.8533200025558472,120.44999694824219
2005-12-05,35.525943756103516,0.8483899831771851,120.83999633789062
2005-12-06,35.81220245361328,0.847599983215332,120.68000030517578
2005-12-07,35.19099044799805,0.8533899784088135,121.02999877929688
2005-12-08,34.92300033569336,0.8465200066566467,120.38999938964844
2005-12-09,35.37978744506836,0.8464499711990356,120.63999938964844
2005-12-12,35.34324264526367,0.8363999724388123,119.9000015258789
2005-12-13,35.915733337402344,0.8368899822235107,120.04000091552734
2005-12-14,35.78176498413086,0.8351399898529053,117.55000305175781
2005-12-15,35.75737762451172,0.8356299996376038,116.31999969482422
2005-12-16,36.32381057739258,0.832360029220581,115.63999938964844
2005-12-19,34.612388610839844,0.8328499794006348,116.05000305175781
2005-12-20,34.55756759643555,0.8421099781990051,117.23999786376953
2005-12-21,34.7646484375,0.8450199961662292,117.4800033569336
2005-12-22,35.59904098510742,0.8422499895095825,116.66999816894531
2005-12-23,35.63559341430664,0.8423200249671936,116.36000061035156
2005-12-26,,0.8447399735450745,116.5999984741211
2005-12-27,35.25796890258789,0.8434500098228455,117.31999969482422
2005-12-28,35.227516174316406,0.8440200090408325,117.72000122070312
2005-12-29,35.410221099853516,0.8438799977302551,117.80999755859375
2005-12-30,35.18489456176758,0.8445199728012085,117.9800033569336
2006-01-02,,0.8462399840354919,117.80000305175781
2006-01-03,35.203163146972656,0.8310499787330627,115.9800033569336
2006-01-04,36.09846496582031,0.8256300091743469,116.22000122070312
2006-01-05,36.09846496582031,0.8259699940681458,116.0
2006-01-06,36.8171501159668,0.8227699995040894,114.38999938964844
2006-01-09,37.48711013793945,0.8281599879264832,114.54000091552734
2006-01-10,37.33482360839844,0.8289099931716919,114.44999694824219
2006-01-11,37.353111267089844,0.8237900137901306,114.27999877929688
2006-01-12,37.889068603515625,0.8302199840545654,114.62999725341797
2006-01-13,37.96215057373047,0.8235200047492981,114.22000122070312
2006-01-16,,0.8253499865531921,115.12000274658203
2006-01-17,38.34585952758789,0.8258699774742126,115.58499908447266
2006-01-18,37.83220672607422,0.8259000182151794,115.26000213623047
2006-01-19,38.22357177734375,0.8270599842071533,115.5
2006-01-20,37.165706634521484,0.823989987373352,115.2699966430664
2006-01-23,37.32469940185547,0.8127400279045105,114.47000122070312
2006-01-24,37.514251708984375,0.8153300285339355,115.04000091552734
2006-01-25,37.95452117919922,0.8166599869728088,115.7699966430664
2006-01-26,39.850101470947266,0.8186699748039246,116.29000091552734
2006-01-27,41.29319381713867,0.8268600106239319,117.4000015258789
2006-01-30,40.975215911865234,0.8274000287055969,117.62000274658203
2006-01-31,41.51943588256836,0.8231499791145325,117.30999755859375
2006-02-01,42.33881378173828,0.8287100195884705,117.97000122070312
2006-02-02,41.81907653808594,0.8275399804115295,118.51499938964844
2006-02-03,41.660064697265625,0.8314599990844727,118.88999938964844
2006-02-06,42.00861358642578,0.8359100222587585,119.06999969482422
2006-02-07,41.06692886352539,0.8338199853897095,117.7300033569336
2006-02-08,42.07589340209961,0.8357700109481812,118.48999786376953
2006-02-09,41.85576629638672,0.8337500095367432,118.70999908447266
2006-02-10,42.03919982910156,0.8398399949073792,117.83000183105469
2006-02-13,41.959716796875,0.8394899964332581,117.52999877929688
2006-02-14,42.93806457519531,0.8392099738121033,117.5999984741211
2006-02-15,43.78190612792969,0.8413299918174744,117.94000244140625
2006-02-16,44.00204849243164,0.8398399949073792,117.45999908447266
2006-02-17,44.05708312988281,0.8373799920082092,118.13999938964844
2006-02-20,,0.837939977645874,118.36000061035156
2006-02-21,44.38726806640625,0.8389300107955933,118.78500366210938
2006-02-22,44.6746711730957,0.8392099738121033,118.41000366210938
2006-02-23,44.24052810668945,0.8387899994850159,117.06999969482422
2006-02-24,44.454559326171875,0.8418899774551392,116.83999633789062
2006-02-27,44.9437141418457,0.8438799977302551,116.20999908447266
2006-02-28,44.686912536621094,0.8382200002670288,115.79000091552734
2006-03-01,45.487945556640625,0.8389300107955933,116.05999755859375
2006-03-02,45.45737075805664,0.8306300044059753,115.83999633789062
2006-03-03,45.62245559692383,0.8301500082015991,116.41000366210938
2006-03-06,44.77250671386719,0.8322200179100037,117.58999633789062
2006-03-07,44.66244125366211,0.8410400152206421,117.7699966430664
2006-03-08,44.27109909057617,0.8384299874305725,117.81999969482422
2006-03-09,43.659610748291016,0.8400499820709229,118.19999694824219
2006-03-10,43.38445281982422,0.8395599722862244,119.0
2006-03-13,43.415016174316406,0.8356299996376038,118.66000366210938
2006-03-14,43.989810943603516,0.8320199847221375,117.68000030517578
2006-03-15,45.426788330078125,0.8284299969673157,117.5199966430664
2006-03-16,45.79978942871094,0.8213599920272827,116.87999725341797
2006-03-17,46.61306381225586,0.8202099800109863,115.91000366210938
2006-03-20,46.38071060180664,0.8221700191497803,116.37000274658203
2006-03-21,45.43903350830078,0.8259000182151794,117.22000122070312
2006-03-22,46.60082244873047,0.8278800249099731,116.87000274658203
2006-03-23,46.63139724731445,0.8352800011634827,117.83000183105469
2006-03-24,46.166683197021484,0.8309100270271301,117.44999694824219
2006-03-27,46.093299865722656,0.8325700163841248,116.7300033569336
2006-03-28,45.781455993652344,0.8325700163841248,117.76000213623047
2006-03-29,45.04766845703125,0.8311899900436401,117.7699966430664
2006-03-30,44.27109909057617,0.8218299746513367,117.30999755859375
2006-03-31,43.91032028198242,0.8254200220108032,117.76000213623047
2006-04-03,44.9437141418457,0.8237900137901306,117.80000305175781
2006-04-04,46.04438400268555,0.8156599998474121,117.44000244140625
2006-04-05,46.35013198852539,0.8137999773025513,117.44000244140625
2006-04-06,46.258392333984375,0.8187299966812134,117.77999877929688
2006-04-07,45.81202697753906,0.8267899751663208,118.23999786376953
2006-04-10,46.1361083984375,0.8256300091743469,118.41000366210938
2006-04-11,46.87599563598633,0.8231800198554993,118.20999908447266
2006-04-12,47.597530364990234,0.8254899978637695,118.41000366210938
2006-04-13,47.047210693359375,0.8253499865531921,118.54000091552734
2006-04-14,,0.8256300091743469,118.68000030517578
2006-04-17,46.74760818481445,0.8160600066184998,117.80999755859375
2006-04-18,48.2518310546875,0.8086000084877014,116.87999725341797
2006-04-19,48.28853988647461,0.8078799843788147,117.36000061035156
2006-04-20,47.82844161987305,0.8124099969863892,117.41000366210938
2006-04-21,47.767120361328125,0.8103100061416626,116.58000183105469
2006-04-24,47.466522216796875,0.8071699738502502,114.5999984741211
2006-04-25,45.963653564453125,0.8045700192451477,114.91000366210938
2006-04-26,46.58932876586914,0.8032799959182739,114.76000213623047
2006-04-27,46.04338073730469,0.7979599833488464,114.18000030517578
2006-04-28,46.46050262451172,0.7913900017738342,113.81999969482422
2006-05-01,46.393043518066406,0.7949100136756897,113.55000305175781
2006-05-02,47.52788543701172,0.7925800085067749,113.36000061035156
2006-05-03,47.90819549560547,0.7922000288963318,113.79000091552734
2006-05-04,48.34373092651367,0.787339985370636,113.58499908447266
2006-05-05,49.06142807006836,0.7856699824333191,112.55999755859375
2006-05-08,49.01237106323242,0.7872200012207031,111.68000030517578
2006-05-09,49.77299880981445,0.783270001411438,111.01000213623047
2006-05-10,49.668678283691406,0.7828099727630615,110.83000183105469
2006-05-11,48.840606689453125,0.7780900001525879,110.41999816894531
2006-05-12,47.73031234741211,0.7734000086784363,109.97000122070312
2006-05-15,47.521759033203125,0.7818599939346313,110.69999694824219
2006-05-16,47.44199752807617,0.7782099843025208,109.76000213623047
2006-05-17,46.564815521240234,0.7848100066184998,110.91000366210938
2006-05-18,45.773494720458984,0.7781500220298767,110.9000015258789
2006-05-19,44.64479446411133,0.783270001411438,111.66000366210938
2006-05-22,44.70000076293945,0.7780299782752991,111.45999908447266
2006-05-23,45.221405029296875,0.782289981842041,112.13999938964844
2006-05-24,45.14167022705078,0.7828400135040283,112.73999786376953
2006-05-25,45.368648529052734,0.7806400060653687,111.76000213623047
2006-05-26,45.65081024169922,0.7849900126457214,112.6500015258789
2006-05-29,,0.784250020980835,112.55999755859375
2006-05-30,44.26448059082031,0.7773000001907349,112.1500015258789
2006-05-31,44.74908447265625,0.780269980430603,112.52999877929688
2006-06-01,44.9576416015625,0.7805799841880798,112.4800033569336
2006-06-02,44.66320037841797,0.7741100192070007,111.7300033569336
2006-06-05,42.52851104736328,0.7751299738883972,112.33999633789062
2006-06-06,42.007076263427734,0.7799100279808044,113.21499633789062
2006-06-07,40.93973159790039,0.7811300158500671,113.43000030517578
2006-06-08,41.031742095947266,0.7905799746513367,113.93499755859375
2006-06-09,41.4182014465332,0.7910799980163574,113.95999908447266
2006-06-12,40.68207931518555,0.7945299744606018,114.37999725341797
2006-06-13,40.6882209777832,0.7970700263977051,115.23999786376953
2006-06-14,41.39365768432617,0.7930799722671509,114.86000061035156
2006-06-15,43.46088790893555,0.7911400198936462,114.71499633789062
2006-06-16,43.27687072753906,0.7908300161361694,115.13999938964844
2006-06-19,42.90882873535156,0.7949100136756897,115.37999725341797
2006-06-20,43.54677200317383,0.7943400144577026,114.9000015258789
2006-06-21,44.45463943481445,0.7898300290107727,114.83499908447266
2006-06-22,44.33810043334961,0.7946000099182129,116.08000183105469
2006-06-23,44.25221633911133,0.7984700202941895,116.54000091552734
2006-06-26,44.46077346801758,0.7943400144577026,116.22000122070312
2006-06-27,43.95164108276367,0.7956100106239319,116.31999969482422
2006-06-28,44.601871490478516,0.7970700263977051,116.4000015258789
2006-06-29,45.638545989990234,0.7896400094032288,115.1500015258789
2006-06-30,45.68760681152344,0.782289981842041,114.48999786376953
2006-07-03,45.8654899597168,0.7811899781227112,114.75
2006-07-04,,0.7818599939346313,115.09500122070312
2006-07-05,44.85948944091797,0.7853000164031982,115.56999969482422
2006-07-06,45.17845916748047,0.7827200293540955,115.26000213623047
2006-07-07,44.5220947265625,0.7797899842262268,113.95999908447266
2006-07-10,44.945377349853516,0.7846199870109558,114.30000305175781
2006-07-11,45.02511978149414,0.783240020275116,114.30000305175781
2006-07-12,43.743064880371094,0.7866600155830383,115.30999755859375
2006-07-13,42.75543975830078,0.7875900268554688,115.33999633789062
2006-07-14,42.4426155090332,0.7908899784088135,116.08000183105469
2006-07-17,42.4426155090332,0.7988499999046326,117.08000183105469
2006-07-18,42.79993438720703,0.7998700141906738,117.33000183105469
2006-07-19,43.816505432128906,0.7937099933624268,116.83000183105469
2006-07-20,42.55965805053711,0.7915800213813782,116.95999908447266
2006-07-21,42.109928131103516,0.7870299816131592,116.12000274658203
2006-07-24,43.44684600830078,0.792140007019043,116.75
2006-07-25,43.5330924987793,0.7946599721908569,117.1500015258789
2006-07-26,43.206546783447266,0.7865999937057495,116.3499984741211
2006-07-27,43.57005310058594,0.7876499891281128,115.75
2006-07-28,43.8719596862793,0.784250020980835,114.73999786376953
2006-07-31,43.662479400634766,0.7828400135040283,114.51000213623047
2006-08-01,42.947818756103516,0.7800300121307373,114.55999755859375
2006-08-02,43.588539123535156,0.7817400097846985,114.55999755859375
2006-08-03,44.808406829833984,0.7813100218772888,115.04000091552734
2006-08-04,45.03636932373047,0.7764599919319153,114.4800033569336
2006-08-07,45.08565139770508,0.7800899744033813,115.11000061035156
2006-08-08,44.11222839355469,0.783270001411438,115.69000244140625
2006-08-09,42.214664459228516,0.7767000198364258,115.36000061035156
2006-08-10,42.0914421081543,0.7816799879074097,115.16000366210938
2006-08-11,41.29667663574219,0.7858499884605408,116.27999877929688
2006-08-14,40.637454986572266,0.7859799861907959,116.5999984741211
2006-08-15,41.530792236328125,0.7817999720573425,115.94000244140625
2006-08-16,42.57815170288086,0.7786300182342529,115.875
2006-08-17,42.73217010498047,0.7792999744415283,115.9000015258789
2006-08-18,42.085289001464844,0.7795400023460388,115.7699966430664
2006-08-21,42.04829788208008,0.7768200039863586,115.97000122070312
2006-08-22,42.202327728271484,0.7805200219154358,116.47000122070312
2006-08-23,41.40757751464844,0.7824100255966187,116.38999938964844
2006-08-24,40.35405349731445,0.7835800051689148,116.45999908447266
2006-08-25,40.65593719482422,0.7838799953460693,117.26000213623047
2006-08-28,40.70524215698242,0.7817100286483765,117.16999816894531
2006-08-29,40.323246002197266,0.77947998046875,116.70500183105469
2006-08-30,40.082984924316406,0.7787600159645081,117.0199966430664
2006-08-31,40.87771987915039,0.7807000279426575,117.36000061035156
2006-09-01,41.44453811645508,0.7790600061416626,117.05999755859375
2006-09-04,,0.7777900099754333,116.16999816894531
2006-09-05,42.9293212890625,0.7797899842262268,116.16999816894531
2006-09-06,42.590476989746094,0.7800899744033813,116.55999755859375
2006-09-07,41.746429443359375,0.7854200005531311,116.44000244140625
2006-09-08,41.47534942626953,0.789080023765564,116.94999694824219
2006-09-11,40.36021041870117,0.7867799997329712,117.55000305175781
2006-09-12,40.138431549072266,0.7877100110054016,117.81999969482422
2006-09-13,40.86540985107422,0.7875900268554688,117.44999694824219
2006-09-14,40.36021041870117,0.7859799861907959,117.56999969482422
2006-09-15,40.31093978881836,0.7904499769210815,117.47000122070312
2006-09-18,41.27204513549805,0.7869700193405151,117.88999938964844
2006-09-19,41.007118225097656,0.7888299822807312,117.5999984741211
2006-09-20,40.58818054199219,0.7881500124931335,117.45999908447266
2006-09-21,39.76262283325195,0.7824100255966187,116.36000061035156
2006-09-22,38.672122955322266,0.78125,116.69999694824219
2006-09-25,39.63323974609375,0.7846199870109558,116.4749984741211
2006-09-26,40.60049819946289,0.7882099747657776,117.13999938964844
2006-09-27,40.46495056152344,0.7870299816131592,117.44000244140625
2006-09-28,41.02560043334961,0.7871800065040588,117.7300033569336
2006-09-29,40.538875579833984,0.7897599935531616,117.95999908447266
2006-10-02,40.2678108215332,0.7848100066184998,117.66000366210938
2006-10-03,40.11377716064453,0.7852399945259094,118.05000305175781
2006-10-04,40.37870407104492,0.7865999937057495,117.81999969482422
2006-10-05,42.04215621948242,0.7876799702644348,117.8499984741211
2006-10-06,41.92509460449219,0.79339998960495,119.01000213623047
2006-10-09,42.44877243041992,0.7935900092124939,118.98999786376953
2006-10-10,42.54732894897461,0.7979599833488464,119.66999816894531
2006-10-11,42.0914421081543,0.7984700202941895,119.73999786376953
2006-10-12,42.66440963745117,0.796180009841919,119.37999725341797
2006-10-13,42.55965805053711,0.7996799945831299,119.5999984741211
2006-10-16,43.08333969116211,0.7973799705505371,118.95999908447266
2006-10-17,43.06487274169922,0.7971299886703491,118.58999633789062
2006-10-18,42.55965805053711,0.797510027885437,118.91999816894531
2006-10-19,42.70818328857422,0.791949987411499,118.27999877929688
2006-10-20,36.50801467895508,0.792639970779419,118.72000122070312
2006-10-23,37.386680603027344,0.796750009059906,119.30000305175781
2006-10-24,37.702247619628906,0.796239972114563,119.33999633789062
2006-10-25,38.308658599853516,0.792639970779419,118.94000244140625
2006-10-26,38.580909729003906,0.7877699732780457,118.37999725341797
2006-10-27,37.91263198852539,0.7847399711608887,117.58000183105469
2006-10-30,37.5970458984375,0.7862899899482727,117.61000061035156
2006-10-31,37.56611251831055,0.783270001411438,116.79000091552734
2006-11-01,37.4361686706543,0.7840399742126465,117.22000122070312
2006-11-02,37.47330093383789,0.7824699878692627,117.0999984741211
2006-11-03,37.392860412597656,0.7869700193405151,117.9800033569336
2006-11-06,37.033966064453125,0.7858200073242188,118.16999816894531
2006-11-07,37.077274322509766,0.7825300097465515,117.58999633789062
2006-11-08,37.188663482666016,0.7836999893188477,117.83000183105469
2006-11-09,36.63175582885742,0.7792699933052063,117.79000091552734
2006-11-10,36.87926483154297,0.777970016002655,117.5199966430664
2006-11-13,36.829769134521484,0.779670000076294,117.62999725341797
2006-11-14,37.34954833984375,0.7803999781608582,117.62999725341797
2006-11-15,38.02400588989258,0.7797300219535828,117.87999725341797
2006-11-16,37.97450637817383,0.7816200256347656,118.22000122070312
2006-11-17,37.70843505859375,0.7782099843025208,117.54000091552734
2006-11-20,37.68986892700195,0.7801499962806702,118.04000091552734
2006-11-21,38.48191833496094,0.7784500122070312,117.86000061035156
2006-11-22,38.853187561035156,0.7728599905967712,116.76000213623047
2006-11-23,,0.7720800042152405,116.27999877929688
2006-11-24,38.902687072753906,0.7642300128936768,115.88999938964844
2006-11-27,38.34577941894531,0.7614399790763855,116.11000061035156
2006-11-28,38.1168327331543,0.7573500275611877,116.05000305175781
2006-11-29,38.40147018432617,0.7605699896812439,116.43000030517578
2006-11-30,38.382896423339844,0.7546600103378296,115.68000030517578
2006-12-01,37.86313247680664,0.7495700120925903,115.2300033569336
2006-12-04,38.04875946044922,0.7498499751091003,115.37000274658203
2006-12-05,38.45717239379883,0.7508100271224976,114.94999694824219
2006-12-06,39.014060974121094,0.7526400089263916,115.31999969482422
2006-12-07,38.983123779296875,0.7526699900627136,115.13999938964844
2006-12-08,39.23062515258789,0.7465999722480774,116.29000091552734
2006-12-11,39.02644348144531,0.7546600103378296,116.76000213623047
2006-12-12,38.537593841552734,0.7527300119400024,116.69999694824219
2006-12-13,38.04875946044922,0.7565400004386902,117.4000015258789
2006-12-14,38.4386100769043,0.7600799798965454,117.76000213623047
2006-12-15,38.25295639038086,0.7634199857711792,118.1500015258789
2006-12-18,38.31483459472656,0.7630100250244141,118.05000305175781
2006-12-19,38.067325592041016,0.7571700215339661,118.01000213623047
2006-12-20,37.97450637817383,0.7583199739456177,118.33999633789062
2006-12-21,37.62799835205078,0.7584999799728394,118.29000091552734
2006-12-22,37.49185562133789,0.761210024356842,118.98999786376953
2006-12-25,,0.7612699866294861,118.83999633789062
2006-12-26,37.68368911743164,0.7627800107002258,119.12000274658203
2006-12-27,38.0363883972168,0.761900007724762,118.7699966430664
2006-12-28,37.937400817871094,0.7605699896812439,118.8949966430664
2006-12-29,37.94976806640625,0.7576900124549866,118.9800033569336
2007-01-01,,0.7564899921417236,118.87999725341797
2007-01-02,,0.7532399892807007,118.83000183105469
2007-01-03,37.84455871582031,0.7592399716377258,119.33999633789062
2007-01-04,37.74557113647461,0.7637699842453003,118.83000183105469
2007-01-05,37.26292037963867,0.7701200246810913,118.69000244140625
2007-01-08,37.30624008178711,0.7668700218200684,118.69000244140625
2007-01-09,37.51042556762695,0.7694100141525269,119.30000305175781
2007-01-10,37.324798583984375,0.7728000283241272,119.51000213623047
2007-01-11,37.12678146362305,0.7754899859428406,120.30000305175781
2007-01-12,36.96590805053711,0.7735099792480469,120.30000305175781
2007-01-15,,0.7730399966239929,120.41999816894531
2007-01-16,36.656532287597656,0.7739899754524231,120.79000091552734
2007-01-17,37.07109069824219,0.7728000283241272,120.62000274658203
2007-01-18,37.251441955566406,0.7715499997138977,121.26000213623047
2007-01-19,36.92183303833008,0.7710700035095215,121.20999908447266
2007-01-22,36.17556381225586,0.7721999883651733,121.62000274658203
2007-01-23,37.040000915527344,0.7678700089454651,121.68000030517578
2007-01-24,37.14573669433594,0.7714300155639648,120.87999725341797
2007-01-25,37.08353042602539,0.7728000283241272,121.62000274658203
2007-01-26,37.99149703979492,0.7734599709510803,121.41000366210938
2007-01-29,38.370845794677734,0.7714300155639648,121.7300033569336
2007-01-30,39.104679107666016,0.7712500095367432,121.68000030517578
2007-01-31,39.84474182128906,0.7678700089454651,120.73999786376953
2007-02-01,40.41688537597656,0.7681099772453308,120.80000305175781
2007-02-02,40.578556060791016,0.771369993686676,121.12999725341797
2007-02-05,40.10594940185547,0.7732800245285034,120.19000244140625
2007-02-06,40.062408447265625,0.7701799869537354,120.05000305175781
2007-02-07,40.82109832763672,0.7678700089454651,120.58499908447266
2007-02-08,40.81489562988281,0.7668700218200684,121.12999725341797
2007-02-09,40.2987174987793,0.7688199877738953,121.70999908447266
2007-02-12,40.17433547973633,0.7714300155639648,121.7699966430664
2007-02-13,40.255184173583984,0.7673400044441223,121.2699966430664
2007-02-14,41.14450454711914,0.7610399723052979,120.30999755859375
2007-02-15,42.052467346191406,0.7613199949264526,119.38999938964844
2007-02-16,42.083560943603516,0.7611500024795532,119.41000366210938
2007-02-19,,0.7603399753570557,119.69000244140625
2007-02-20,42.245243072509766,0.7605699896812439,120.01499938964844
2007-02-21,42.41938400268555,0.7610899806022644,120.94000244140625
2007-02-22,42.1519660949707,0.761900007724762,121.48999786376953
2007-02-23,41.828590393066406,0.7593600153923035,121.08999633789062
2007-02-26,41.828590393066406,0.7579200267791748,120.63999938964844
2007-02-27,40.3173828125,0.7557399868965149,118.08999633789062
2007-02-28,40.068634033203125,0.7559199929237366,118.7300033569336
2007-03-01,39.73902130126953,0.7592999935150146,117.72000122070312
2007-03-02,39.204193115234375,0.7595900297164917,117.19000244140625
2007-03-05,39.285037994384766,0.7641199827194214,115.58999633789062
2007-03-06,39.56489181518555,0.7611500024795532,116.77999877929688
2007-03-07,39.94424819946289,0.7588099837303162,115.69000244140625
2007-03-08,39.98777389526367,0.760919988155365,117.1500015258789
2007-03-09,40.049957275390625,0.7624300122261047,118.31999969482422
2007-03-12,40.15567398071289,0.7582700252532959,117.56999969482422
2007-03-13,39.3907585144043,0.7581499814987183,116.0199966430664
2007-03-14,39.57733154296875,0.7555699944496155,117.26000213623047
2007-03-15,39.46538543701172,0.752839982509613,117.1500015258789
2007-03-16,39.27880859375,0.7508599758148193,116.73999786376953
2007-03-19,39.90692901611328,0.7511500120162964,117.61000061035156
2007-03-20,40.336029052734375,0.750980019569397,117.25
2007-03-21,41.17558288574219,0.7463200092315674,117.41000366210938
2007-03-22,41.380821228027344,0.7499600052833557,118.08999633789062
2007-03-23,41.592247009277344,0.75204998254776,118.05000305175781
2007-03-26,41.56739044189453,0.7500799894332886,118.12000274658203
2007-03-27,41.592247009277344,0.7482200264930725,117.75
2007-03-28,41.19424057006836,0.7510300278663635,116.87000274658203
2007-03-29,41.163150787353516,0.7499099969863892,117.9800033569336
2007-03-30,41.685546875,0.7485600113868713,117.80999755859375
2007-04-02,41.511417388916016,0.7479400038719177,117.76000213623047
2007-04-03,41.81613540649414,0.750469982624054,118.87000274658203
2007-04-04,41.96540069580078,0.7477200031280518,118.7699966430664
2007-04-05,42.05867004394531,0.7444900274276733,118.69200134277344
2007-04-06,,0.7461599707603455,119.06999969482422
2007-04-09,41.878326416015625,0.7487800121307373,119.22000122070312
2007-04-10,41.635799407958984,0.7444900274276733,119.12000274658203
2007-04-11,41.26264572143555,0.7440500259399414,119.29000091552734
2007-04-12,41.44301223754883,0.7412300109863281,119.0
2007-04-13,41.53629684448242,0.7395899891853333,119.2300033569336
2007-04-16,41.604698181152344,0.7391499876976013,119.76000213623047
2007-04-17,42.07734298706055,0.736810028553009,118.94999694824219
2007-04-18,43.14078140258789,0.7345399856567383,118.44999694824219
2007-04-19,42.85972595214844,0.7339800000190735,118.25
2007-04-20,44.85841751098633,0.7358899712562561,118.66000366210938
2007-04-23,44.87715148925781,0.7361599802970886,118.56999969482422
2007-04-24,45.47675323486328,0.7333499789237976,118.4800033569336
2007-04-25,45.73910140991211,0.7331900000572205,118.68000030517578
2007-04-26,45.5954475402832,0.7358899712562561,119.52999877929688
2007-04-27,46.070125579833984,0.7323300242424011,119.4800033569336
2007-04-30,45.358097076416016,0.7324900031089783,119.36000061035156
2007-05-01,45.745338439941406,0.7352399826049805,119.80000305175781
2007-05-02,45.84528350830078,0.7359399795532227,120.16000366210938
2007-05-03,45.82029342651367,0.7376800179481506,120.36000061035156
2007-05-04,45.65789031982422,0.7358899712562561,120.2699966430664
2007-05-07,45.389320373535156,0.735289990901947,120.05000305175781
2007-05-08,45.86400604248047,0.7384999990463257,119.98999786376953
2007-05-09,46.688480377197266,0.7392600178718567,120.11000061035156
2007-05-10,46.10136413574219,0.7416700124740601,119.83999633789062
2007-05-11,46.76968765258789,0.7395899891853333,120.19000244140625
2007-05-14,47.65660095214844,0.7383900284767151,120.31999969482422
2007-05-15,47.4754524230957,0.735509991645813,120.22000122070312
2007-05-16,47.43798065185547,0.7394300103187561,120.72000122070312
2007-05-17,46.74467849731445,0.740909993648529,121.29100036621094
2007-05-18,46.70097732543945,0.7400299906730652,121.05999755859375
2007-05-21,46.75094223022461,0.742609977722168,121.47000122070312
2007-05-22,47.16315841674805,0.7433800101280212,121.63999938964844
2007-05-23,47.487972259521484,0.7430499792098999,121.5199966430664
2007-05-24,47.11319351196289,0.7445999979972839,121.35800170898438
2007-05-25,47.2880859375,0.7434899806976318,121.76000213623047
2007-05-28,,0.7433800101280212,121.69999694824219
2007-05-29,47.313072204589844,0.7437199950218201,121.58999633789062
2007-05-30,49.0181999206543,0.7444900274276733,121.58999633789062
2007-05-31,49.08067321777344,0.7431600093841553,121.75
2007-06-01,48.80585861206055,0.743939995765686,122.12999725341797
2007-06-04,48.8995361328125,0.7411800026893616,121.72000122070312
2007-06-05,49.1243896484375,0.7396399974822998,121.33999633789062
2007-06-06,49.143123626708984,0.741129994392395,121.01000213623047
2007-06-07,48.287437438964844,0.7447100281715393,120.87999725341797
2007-06-08,49.043209075927734,0.7484999895095825,121.70999908447266
2007-06-11,49.186866760253906,0.7487300038337708,121.76000213623047
2007-06-12,48.76836395263672,0.7515400052070618,121.62000274658203
2007-06-13,49.92387390136719,0.7513099908828735,122.56999969482422
2007-06-14,50.42356872558594,0.750980019569397,122.95500183105469
2007-06-15,50.66090774536133,0.747439980506897,123.4000015258789
2007-06-18,51.123085021972656,0.7453799843788147,123.68000030517578
2007-06-19,51.5228385925293,0.7449300289154053,123.41999816894531
2007-06-20,50.82954406738281,0.7464900016784668,123.47000122070312
2007-06-21,50.885746002197266,0.7465999722480774,123.73999786376953
2007-06-22,50.52972412109375,0.7423400282859802,123.69000244140625
2007-06-25,50.40481948852539,0.7425000071525574,123.58000183105469
2007-06-26,50.148738861083984,0.7435500025749207,123.04000091552734
2007-06-27,49.66154479980469,0.7432199716567993,123.1500015258789
2007-06-28,49.39921569824219,0.7436599731445312,123.16000366210938
2007-06-29,48.905799865722656,0.7387700080871582,123.16000366210938
2007-07-02,50.24866485595703,0.7334100008010864,122.2300033569336
2007-07-03,48.7121467590332,0.7346500158309937,122.47000122070312
2007-07-04,,0.7344800233840942,122.66000366210938
2007-07-05,48.399864196777344,0.7353500127792358,122.94999694824219
2007-07-06,49.224334716796875,0.733680009841919,123.36000061035156
2007-07-09,49.861419677734375,0.734000027179718,123.37000274658203
2007-07-10,50.72960662841797,0.7267400026321411,121.29000091552734
2007-07-11,51.322975158691406,0.7270600199699402,122.2699966430664
2007-07-12,52.522178649902344,0.7252699732780457,122.4000015258789
2007-07-13,53.171783447265625,0.7254300117492676,121.9000015258789
2007-07-16,53.65272521972656,0.725849986076355,121.80000305175781
2007-07-17,54.00873565673828,0.7251600027084351,122.0
2007-07-18,54.08399200439453,0.7242699861526489,121.9000015258789
2007-07-19,54.554412841796875,0.7247400283813477,122.10900115966797
2007-07-20,52.18355178833008,0.7228599786758423,121.2699966430664
2007-07-23,51.430908203125,0.7243800163269043,121.05000305175781
2007-07-24,51.21767044067383,0.723330020904541,120.11000061035156
2007-07-25,50.4901123046875,0.7285400032997131,120.45999908447266
2007-07-26,49.103973388671875,0.7272700071334839,118.45999908447266
2007-07-27,47.68020248413086,0.7333499789237976,118.95999908447266
2007-07-30,48.31996154785156,0.7292900085449219,119.1500015258789
2007-07-31,49.423858642578125,0.7314199805259705,118.41999816894531
2007-08-01,50.25804901123047,0.7311499714851379,118.9800033569336
2007-08-02,50.59672164916992,0.7295500040054321,119.13999938964844
2007-08-03,49.524200439453125,0.7253199815750122,118.04000091552734
2007-08-06,50.80370330810547,0.7247999906539917,118.81999969482422
2007-08-07,50.452491760253906,0.7277500033378601,118.80000305175781
2007-08-08,50.7409782409668,0.7244799733161926,119.69000244140625
2007-08-09,49.22312927246094,0.7313100099563599,118.29000091552734
2007-08-10,48.63985061645508,0.7305099964141846,118.51000213623047
2007-08-13,48.859375,0.7345899939537048,118.20999908447266
2007-08-14,48.15061950683594,0.7388299703598022,117.41999816894531
2007-08-15,47.00909423828125,0.7447100281715393,116.31999969482422
2007-08-16,45.78605651855469,0.7448800206184387,114.05999755859375
2007-08-17,45.560272216796875,0.7410699725151062,114.25
2007-08-20,46.44462966918945,0.7421200275421143,114.83999633789062
2007-08-21,46.588897705078125,0.7432199716567993,114.1500015258789
2007-08-22,47.22864532470703,0.7380099892616272,115.62000274658203
2007-08-23,47.1470947265625,0.7376300096511841,116.0199966430664
2007-08-24,47.86838912963867,0.731689989566803,116.37999725341797
2007-08-27,47.66767501831055,0.7332500219345093,115.55000305175781
2007-08-28,46.51362228393555,0.7353500127792358,114.33999633789062
2007-08-29,47.06557083129883,0.7313100099563599,115.83999633789062
2007-08-30,46.82722091674805,0.7330300211906433,115.94000244140625
2007-08-31,47.523414611816406,0.7330300211906433,115.7699966430664
2007-09-03,,0.7345399856567383,115.77999877929688
2007-09-04,48.20079803466797,0.7342100143432617,116.23999786376953
2007-09-05,47.37916564941406,0.7323899865150452,115.12000274658203
2007-09-06,47.51087188720703,0.730139970779419,115.38999938964844
2007-09-07,46.0620231628418,0.7259500026702881,113.38999938964844
2007-09-10,46.25019073486328,,
2007-09-11,46.34425735473633,0.722540020942688,114.26000213623047
2007-09-12,45.64179611206055,0.7190099954605103,114.12000274658203
2007-09-13,45.7797737121582,0.7211400270462036,114.58999633789062
2007-09-14,45.88640594482422,0.7205600142478943,115.26000213623047
2007-09-17,46.21881866455078,0.7212399840354919,115.02999877929688
2007-09-18,48.583412170410156,0.7153099775314331,115.91000366210938
2007-09-19,48.865631103515625,0.7158700227737427,116.01000213623047
2007-09-20,48.526947021484375,0.7102800011634827,114.63999938964844
2007-09-21,49.022438049316406,0.7096199989318848,115.4800033569336
2007-09-24,48.74646759033203,0.7105299830436707,114.86000061035156
2007-09-25,47.89974594116211,0.7066100239753723,114.66000366210938
2007-09-26,48.08161926269531,0.7075600028038025,115.44000244140625
2007-09-27,48.589683532714844,0.7066100239753723,115.55000305175781
2007-09-28,49.191795349121094,0.7010200023651123,114.73999786376953
2007-10-01,49.900516510009766,0.7024400234222412,115.80000305175781
2007-10-02,49.950687408447266,0.7066100239753723,115.70999908447266
2007-10-03,49.2733268737793,0.7092199921607971,116.55999755859375
2007-10-04,49.323490142822266,0.7074599862098694,116.41000366210938
2007-10-05,50.38347625732422,0.7075600028038025,116.87999725341797
2007-10-08,51.01692581176758,0.7117900252342224,117.31999969482422
2007-10-09,51.75078201293945,0.708869993686676,117.19000244140625
2007-10-10,50.904048919677734,0.7071599960327148,117.14800262451172
2007-10-11,49.82526779174805,0.7041299939155579,117.37000274658203
2007-10-12,50.36467742919922,0.7047200202941895,117.58999633789062
2007-10-15,49.448936462402344,0.7040299773216248,117.31999969482422
2007-10-16,48.765289306640625,0.7053700089454651,116.94000244140625
2007-10-17,48.37641143798828,0.7033799886703491,116.48999786376953
2007-10-18,48.9372444152832,0.6995499730110168,115.45999908447266
2007-10-19,46.35995101928711,0.6994500160217285,114.55999755859375
2007-10-22,46.31582260131836,0.7052199840545654,114.44200134277344
2007-10-23,46.89554977416992,0.7013599872589111,114.86000061035156
2007-10-24,47.75886154174805,0.7011100053787231,114.18000030517578
2007-10-25,47.05311584472656,0.6980299949645996,113.96299743652344
2007-10-26,47.286277770996094,0.6947799921035767,114.20999908447266
2007-10-29,46.567893981933594,0.6935799717903137,114.69999694824219
2007-10-30,46.290626525878906,0.692520022392273,114.77999877929688
2007-10-31,47.015296936035156,0.6909899711608887,115.38999938964844
2007-11-01,46.196109771728516,0.6931399703025818,114.45999908447266
2007-11-02,47.109825134277344,0.6902300119400024,114.72000122070312
2007-11-05,46.31582260131836,0.6906999945640564,114.30000305175781
2007-11-06,47.21063995361328,0.6866199970245361,114.70999908447266
2007-11-07,46.378849029541016,0.6838099956512451,112.61000061035156
2007-11-08,45.64158248901367,0.6811500191688538,112.70999908447266
2007-11-09,44.36867904663086,0.6814299821853638,110.66000366210938
2007-11-12,43.85826110839844,0.6885200142860413,109.62000274658203
2007-11-13,44.78458023071289,0.6839500069618225,111.13999938964844
2007-11-14,44.12922286987305,0.6825900077819824,111.2699966430664
2007-11-15,43.94017791748047,0.6839500069618225,110.4800033569336
2007-11-16,43.7574348449707,0.6833400130271912,110.9800033569336
2007-11-19,42.976043701171875,0.6817100048065186,109.7699966430664
2007-11-20,43.026466369628906,0.6741700172424316,109.72000122070312
2007-11-21,42.812217712402344,0.673039972782135,108.3499984741211
2007-11-22,,0.6731299757957458,108.48999786376953
2007-11-23,43.24702072143555,0.6756299734115601,108.12000274658203
2007-11-26,42.74288558959961,,
2007-11-27,43.36673355102539,0.6739500164985657,108.80000305175781
2007-11-28,44.860198974609375,0.6738100051879883,109.95999908447266
2007-11-29,45.194175720214844,0.6775100231170654,109.76000213623047
2007-11-30,45.30760955810547,0.6804599761962891,111.76000213623047
2007-12-03,45.408443450927734,0.681659996509552,110.44000244140625
2007-12-04,45.37691879272461,0.6772300004959106,109.86000061035156
2007-12-05,45.81801223754883,0.6849799752235413,110.91000366210938
2007-12-06,46.851444244384766,0.6821699738502502,111.36000061035156
2007-12-07,46.75692367553711,0.6823099851608276,111.66000366210938
2007-12-10,48.25669479370117,0.67985999584198,111.79000091552734
2007-12-11,46.454471588134766,0.6819000244140625,110.87999725341797
2007-12-12,46.51747512817383,0.6795300245285034,111.98999786376953
2007-12-13,46.769535064697266,0.6835299730300903,112.30999755859375
2007-12-14,46.246524810791016,0.6926599740982056,113.26000213623047
2007-12-17,44.841304779052734,0.6938199996948242,112.8499984741211
2007-12-18,44.771968841552734,,
2007-12-19,44.6396484375,0.6952199935913086,113.29000091552734
2007-12-20,45.061832427978516,0.6976900100708008,113.16000366210938
2007-12-21,45.83061599731445,0.6950200200080872,114.05000305175781
2007-12-24,45.811729431152344,0.6945899724960327,114.16000366210938
2007-12-25,,0.6946399807929993,114.19999694824219
2007-12-26,46.435550689697266,0.6902300119400024,114.22000122070312
2007-12-27,45.83061599731445,0.6842799782752991,113.83999633789062
2007-12-28,46.101593017578125,0.6794400215148926,112.37000274658203
2007-12-31,45.72349548339844,0.6848800182342529,111.6500015258789
2008-01-01,,0.6839900016784668,111.81999969482422
2008-01-02,44.50730514526367,0.6794899702072144,109.26300048828125
2008-01-03,44.349761962890625,0.6782000064849854,109.51000213623047
2008-01-04,43.183998107910156,0.6777399778366089,108.62999725341797
2008-01-07,43.31003189086914,0.6810600161552429,109.2300033569336
2008-01-08,42.31440734863281,0.6422200202941895,107.66000366210938
2008-01-09,42.36481857299805,0.6819400191307068,109.87999725341797
2008-01-10,42.478233337402344,0.6756299734115601,109.62000274658203
2008-01-11,41.59602737426758,0.6761299967765808,108.95999908447266
2008-01-14,42.390010833740234,0.672540009021759,108.25
2008-01-15,41.21163558959961,0.6755800247192383,106.7699966430664
2008-01-16,40.49956512451172,0.6819400191307068,107.34500122070312
2008-01-17,39.5870361328125,0.6830599904060364,106.4000015258789
2008-01-18,39.80250930786133,0.6840900182723999,106.83000183105469
2008-01-21,,0.6934800148010254,105.62000274658203
2008-01-22,40.442527770996094,0.6826900243759155,107.05999755859375
2008-01-23,41.240989685058594,0.683430016040802,106.75
2008-01-24,41.34873580932617,0.676859974861145,107.1500015258789
2008-01-25,41.77964782714844,0.6814299821853638,106.80000305175781
2008-01-28,43.22446823120117,0.6762199997901917,106.97000122070312
2008-01-29,43.71876907348633,0.6769599914550781,107.04000091552734
2008-01-30,43.37023162841797,0.6742600202560425,106.2300033569336
2008-01-31,44.98614501953125,0.6727200150489807,106.2509994506836
2008-02-01,45.47410202026367,0.6756799817085266,106.51000213623047
2008-02-04,44.960784912109375,0.6743999719619751,106.69000244140625
2008-02-05,42.78721237182617,0.6831499934196472,106.53099822998047
2008-02-06,43.078739166259766,0.6841300129890442,106.37999725341797
2008-02-07,43.294166564941406,0.6906599998474121,107.30999755859375
2008-02-08,43.09773635864258,0.6422200202941895,107.73999786376953
2008-02-11,43.99124526977539,0.6895599961280823,106.83000183105469
2008-02-12,44.35879135131836,0.6857799887657166,107.33999633789062
2008-02-13,45.40437698364258,0.6869999766349792,108.28199768066406
2008-02-14,44.63761520385742,0.6828699707984924,107.79000091552734
2008-02-15,44.32710647583008,0.6813799738883972,107.80000305175781
2008-02-18,,0.6825900077819824,108.16000366210938
2008-02-19,44.61226272583008,0.6788899898529053,107.91999816894531
2008-02-20,45.15092086791992,0.6792100071907043,108.05000305175781
2008-02-21,44.859413146972656,0.6749899983406067,107.41000366210938
2008-02-22,45.10654067993164,0.6744899749755859,107.19000244140625
2008-02-25,45.78459548950195,0.6740400195121765,108.02999877929688
2008-02-26,46.44998550415039,0.6668400168418884,107.3499984741211
2008-02-27,47.032997131347656,0.6614599823951721,106.37000274658203
2008-02-28,47.14069747924805,0.6580700278282166,104.94999694824219
2008-02-29,45.83529281616211,0.658240020275116,103.7699966430664
2008-03-03,46.38661193847656,0.6578900218009949,103.5199966430664
2008-03-04,45.46141052246094,0.6574599742889404,103.37000274658203
2008-03-05,45.53112030029297,0.6545799970626831,103.91000366210938
2008-03-06,44.83405685424805,0.6499800086021423,102.58000183105469
2008-03-07,44.25739288330078,0.6520599722862244,102.69999694824219
2008-03-10,43.54764938354492,0.6518499851226807,101.41999816894531
2008-03-11,46.01274871826172,0.6518099904060364,103.2699966430664
2008-03-12,47.68568801879883,0.6434999704360962,101.4800033569336
2008-03-13,47.95183563232422,0.6401200294494629,100.68000030517578
2008-03-14,47.394195556640625,0.6402900218963623,99.02999877929688
2008-03-17,47.18506622314453,0.6349999904632568,97.0999984741211
2008-03-18,48.71230697631836,0.6386500000953674,99.81999969482422
2008-03-19,46.72248458862305,0.6394299864768982,98.62000274658203
2008-03-20,46.77949523925781,0.6475800275802612,99.37999725341797
2008-03-21,,0.6370599865913391,99.56999969482422
2008-03-24,48.17997360229492,0.6478800177574158,100.73999786376953
2008-03-25,48.566524505615234,0.640529990196228,100.08000183105469
2008-03-26,49.02280807495117,0.6319500207901001,99.16000366210938
2008-03-27,48.81367111206055,0.6323500275611877,99.52999877929688
2008-03-28,48.85170364379883,0.6344799995422363,99.12000274658203
2008-03-31,49.61210632324219,0.6345999836921692,99.8499984741211
2008-04-01,50.6830940246582,,
2008-04-02,49.751564025878906,0.6378399729728699,102.29000091552734
2008-04-03,48.83900451660156,0.6382799744606018,102.29000091552734
2008-04-04,49.32062911987305,0.635450005531311,101.5199966430664
2008-04-07,48.953086853027344,0.6367400288581848,102.44000244140625
2008-04-08,49.16852569580078,0.6419299840927124,108.18000030517578
2008-04-09,48.26234817504883,0.6319500207901001,101.8219985961914
2008-04-10,47.97720718383789,0.6352400183677673,102.05999755859375
2008-04-11,47.40053939819336,0.6320300102233887,100.94999694824219
2008-04-14,47.869476318359375,0.6319100260734558,101.16000366210938
2008-04-15,48.12929153442383,0.6334699988365173,101.81999969482422
2008-04-16,50.07474136352539,0.6266400218009949,101.80000305175781
2008-04-17,50.03016662597656,0.628849983215332,102.4800033569336
2008-04-18,54.28901672363281,0.6355699896812439,103.75
2008-04-21,53.04765319824219,0.6284599900245667,103.3030014038086
2008-04-22,52.20732498168945,0.625469982624054,102.87000274658203
2008-04-23,52.00364685058594,0.6299600005149841,103.4520034790039
2008-04-24,52.08639907836914,0.6375899910926819,104.24700164794922
2008-04-25,52.36012268066406,0.6395099759101868,104.4000015258789
2008-04-28,52.85668182373047,0.6388599872589111,104.20999908447266
2008-04-29,51.889041900634766,0.6423799991607666,104.0
2008-04-30,52.12456512451172,0.6401200294494629,103.94300079345703
2008-05-01,52.42378234863281,,
2008-05-02,52.710243225097656,0.6479200124740601,105.30000305175781
2008-05-05,52.678409576416016,0.6452400088310242,104.91000366210938
2008-05-06,52.9839973449707,0.6436700224876404,104.68399810791016
2008-05-07,51.96542739868164,0.6499800086021423,104.77899932861328
2008-05-08,52.46834945678711,0.6466599702835083,108.2699966430664
2008-05-09,52.04821014404297,0.645579993724823,102.80000305175781
2008-05-12,53.35955810546875,0.6434999704360962,103.7699966430664
2008-05-13,53.51872634887695,0.646120011806488,104.62000274658203
2008-05-14,52.678409576416016,0.6464499831199646,105.05000305175781
2008-05-15,53.1558723449707,0.6472100019454956,104.80000305175781
2008-05-16,53.28319549560547,0.6411899924278259,104.0199966430664
2008-05-19,53.65241622924805,0.6439999938011169,104.39099884033203
2008-05-20,53.37229537963867,0.6388099789619446,103.56999969482422
2008-05-21,53.09220504760742,0.6333900094032288,103.04000091552734
2008-05-22,52.34102249145508,0.6356499791145325,104.04000091552734
2008-05-23,51.914512634277344,0.6335099935531616,103.30000305175781
2008-05-26,,0.6337400078773499,103.33999633789062
2008-05-27,52.16913986206055,0.6373100280761719,104.19100189208984
2008-05-28,52.95852279663086,0.638729989528656,104.6500015258789
2008-05-29,52.69753646850586,0.6444100141525269,105.48999786376953
2008-05-30,52.608394622802734,0.6434599757194519,105.5
2008-06-02,52.41104507446289,0.6432499885559082,104.4800033569336
2008-06-03,52.46834945678711,0.6472399830818176,105.12999725341797
2008-06-04,52.493804931640625,0.6479799747467041,105.23999786376953
2008-06-05,52.665672302246094,0.641480028629303,105.91999816894531
2008-06-06,50.92138671875,0.6335099935531616,104.9000015258789
2008-06-09,51.44341278076172,0.639240026473999,106.31999969482422
2008-06-10,50.991432189941406,0.6466599702835083,107.33999633789062
2008-06-11,50.246604919433594,0.6427599787712097,106.95999908447266
2008-06-12,51.24606704711914,0.6467900276184082,107.80000305175781
2008-06-13,51.882667541503906,0.65065997838974,108.1500015258789
2008-06-16,51.5070915222168,0.6462500095367432,108.13999938964844
2008-06-17,51.367027282714844,0.6442499756813049,107.97000122070312
2008-06-18,50.73678970336914,0.6435800194740295,107.81999969482422
2008-06-19,50.59674072265625,0.6447499990463257,107.91999816894531
2008-06-20,50.34210205078125,0.6398800015449524,107.30999755859375
2008-06-23,50.92778396606445,0.6442099809646606,107.83000183105469
2008-06-24,48.788822174072266,0.6422600150108337,107.77999877929688
2008-06-25,48.7505989074707,0.6380000114440918,107.80000305175781
2008-06-26,47.28645706176758,0.6348000168800354,106.9469985961914
2008-06-27,46.949031829833984,0.6348000168800354,106.12000274658203
2008-06-30,46.99360656738281,0.6349200010299683,106.12000274658203
2008-07-01,47.16549301147461,,
2008-07-02,44.829158782958984,0.629800021648407,105.94000244140625
2008-07-03,44.75916290283203,0.6369400024414062,106.73999786376953
2008-07-04,,0.6363800168037415,106.80999755859375
2008-07-07,45.07744216918945,0.6361299753189087,107.16000366210938
2008-07-08,44.249874114990234,0.6521499752998352,109.41000366210938
2008-07-09,43.56234359741211,0.6354900002479553,106.87100219726562
2008-07-10,43.55596923828125,0.6335099935531616,107.06600189208984
2008-07-11,44.44084930419922,0.6269999742507935,106.20999908447266
2008-07-14,44.35171127319336,0.629289984703064,106.22000122070312
2008-07-15,42.677467346191406,0.6289700269699097,104.80999755859375
2008-07-16,44.89918518066406,0.6320300102233887,105.18000030517578
2008-07-17,46.000701904296875,0.6306800246238708,106.22799682617188
2008-07-18,45.39870834350586,0.6307600140571594,106.94999694824219
2008-07-21,46.89729309082031,0.6283800005912781,106.49600219726562
2008-07-22,48.01799774169922,0.6332299709320068,107.2300033569336
2008-07-23,46.3785400390625,0.6372500061988831,107.88999938964844
2008-07-24,44.68788146972656,0.6373999714851379,107.37999725341797
2008-07-25,45.136138916015625,0.6380400061607361,107.8499984741211
2008-07-28,44.310028076171875,0.6352699995040894,107.45999908447266
2008-07-29,45.462772369384766,0.6413999795913696,108.08000183105469
2008-07-30,46.15439987182617,0.6421099901199341,108.1500015258789
2008-07-31,44.5213623046875,0.6413099765777588,107.80999755859375
2008-08-01,43.637603759765625,,
2008-08-04,43.18288040161133,,
2008-08-05,43.663204193115234,,
2008-08-06,45.155372619628906,,
2008-08-07,44.14351272583008,,
2008-08-08,45.40510940551758,0.6644999980926514,110.16999816894531
2008-08-11,45.34108352661133,,
2008-08-12,45.98789596557617,,
2008-08-13,44.719886779785156,,
2008-08-14,45.01448059082031,,
2008-08-15,45.05290222167969,,
2008-08-18,44.329227447509766,,
2008-08-19,43.98982620239258,,
2008-08-20,44.06025314331055,,
2008-08-21,43.996219635009766,,
2008-08-22,45.00165557861328,,
2008-08-25,43.90653991699219,,
2008-08-26,43.9833984375,0.6826900243759155,109.61000061035156
2008-08-27,44.546974182128906,0.6790800094604492,109.54000091552734
2008-08-28,45.90464782714844,0.6796200275421143,109.41999816894531
2008-08-29,45.29625701904297,0.6816200017929077,108.79000091552734
2008-09-01,,0.6861100196838379,108.05599975585938
2008-09-02,44.23957443237305,0.6888999938964844,108.6500015258789
2008-09-03,43.3750114440918,0.6903200149536133,108.3499984741211
2008-09-04,40.94786834716797,0.7010200023651123,106.7300033569336
2008-09-05,41.0311279296875,0.7005299925804138,107.68000030517578
2008-09-08,41.35771560668945,0.6644499897956848,108.11000061035156
2008-09-09,39.308406829833984,0.7067899703979492,107.27999877929688
2008-09-10,40.2306022644043,0.7150999903678894,107.72000122070312
2008-09-11,41.5050163269043,0.7144899964332581,106.9800033569336
2008-09-12,41.92129898071289,0.7022500038146973,107.94000244140625
2008-09-15,40.48036575317383,0.7008200287818909,104.2509994506836
2008-09-16,41.453792572021484,0.7074599862098694,105.5199966430664
2008-09-17,40.44194793701172,0.6978700160980225,104.31900024414062
2008-09-18,41.83163070678711,0.6990600228309631,105.5
2008-09-19,42.5809211730957,0.6935799717903137,107.41999816894531
2008-09-22,41.37053298950195,0.6758599877357483,105.55999755859375
2008-09-23,40.691715240478516,0.6805999875068665,105.71900177001953
2008-09-24,39.53895950317383,0.6833800077438354,106.08000183105469
2008-09-25,39.67985534667969,0.6829699873924255,106.31999969482422
2008-09-26,41.069541931152344,0.6849799752235413,106.05000305175781
2008-09-29,38.35420608520508,0.6947699785232544,103.84300231933594
2008-09-30,38.168487548828125,0.7093999981880188,106.06999969482422
2008-10-01,36.47138595581055,0.7134600281715393,105.94000244140625
2008-10-02,33.4422492980957,0.7242199778556824,105.20999908447266
2008-10-03,32.79542541503906,0.7254300117492676,105.30000305175781
2008-10-06,31.508230209350586,0.7404699921607971,101.87999725341797
2008-10-07,30.31064224243164,0.7359399795532227,101.45999908447266
2008-10-08,30.51557159423828,0.6685799956321716,110.08999633789062
2008-10-09,28.690401077270508,0.7354000210762024,99.51000213623047
2008-10-10,27.620914459228516,0.7463799715042114,101.0999984741211
2008-10-13,31.687528610229492,0.7341099977493286,102.27999877929688
2008-10-14,30.413116455078125,0.7343199849128723,101.95999908447266
2008-10-15,26.93567657470703,0.7438300251960754,99.72000122070312
2008-10-16,27.40788459777832,0.7412899732589722,101.23999786376953
2008-10-17,25.4349422454834,0.7449899911880493,101.6500015258789
2008-10-20,26.456989288330078,0.7511299848556519,101.97000122070312
2008-10-21,25.117979049682617,0.7656300067901611,100.3270034790039
2008-10-22,23.62369728088379,0.7802299857139587,97.86000061035156
2008-10-23,22.873329162597656,0.7724999785423279,97.47799682617188
2008-10-24,21.54078483581543,0.7917699813842773,94.2699966430664
2008-10-27,21.204408645629883,0.8022699952125549,93.19400024414062
2008-10-28,22.60811424255371,0.7807000279426575,98.19999694824219
2008-10-29,23.377899169921875,0.7716500163078308,97.5199966430664
2008-10-30,24.173540115356445,0.7771199941635132,98.79000091552734
2008-10-31,24.7104549407959,0.7872800230979919,98.44000244140625
2008-11-03,25.23440933227539,0.7925199866294861,99.0
2008-11-04,27.33026885986328,0.7701799869537354,99.73300170898438
2008-11-05,26.133560180664062,0.7741100192070007,98.22000122070312
2008-11-06,24.322317123413086,0.7877100110054016,97.2760009765625
2008-11-07,24.872163772583008,0.7865300178527832,98.08999633789062
2008-11-10,24.199399948120117,0.7844399809837341,97.97000122070312
2008-11-11,23.85011100769043,0.7989799976348877,97.29100036621094
2008-11-12,22.69219970703125,0.8026300072669983,94.80000305175781
2008-11-13,25.4931583404541,0.7819399833679199,97.56999969482422
2008-11-14,23.90831756591797,0.7938399910926819,97.0199966430664
2008-11-17,23.093273162841797,0.7908899784088135,96.41000366210938
2008-11-18,23.410242080688477,0.7913299798965454,96.74600219726562
2008-11-19,21.90949058532715,0.7996600270271301,96.00299835205078
2008-11-20,21.243213653564453,0.8039199709892273,94.05000305175781
2008-11-21,22.426992416381836,0.794219970703125,95.91000366210938
2008-11-24,23.507274627685547,0.7741299867630005,96.87000274658203
2008-11-25,24.108854293823242,0.7672200202941895,95.4469985961914
2008-11-26,25.44141387939453,0.7752400040626526,95.60700225830078
2008-11-27,,0.7754899859428406,95.42900085449219
2008-11-28,26.515220642089844,0.7875300049781799,95.5
2008-12-01,23.66252326965332,0.7937099933624268,93.13999938964844
2008-12-02,24.581071853637695,0.7865800261497498,93.1510009765625
2008-12-03,25.64841079711914,0.7869099974632263,93.13999938964844
2008-12-04,24.27057456970215,0.7828400135040283,92.44999694824219
2008-12-05,24.749250411987305,0.7863500118255615,92.81999969482422
2008-12-08,27.440237045288086,0.6703299880027771,109.23999786376953
2008-12-09,27.41437339782715,0.7736300230026245,92.3030014038086
2008-12-10,28.248821258544922,0.7684000134468079,92.83999633789062
2008-12-11,27.297929763793945,0.750190019607544,91.52999877929688
2008-12-12,27.220304489135742,0.7488399744033813,91.06999969482422
2008-12-15,27.304399490356445,0.730139970779419,90.5
2008-12-16,28.332916259765625,0.711139976978302,88.68000030517578
2008-12-17,28.882762908935547,0.6940400004386902,87.31999969482422
2008-12-18,27.27205467224121,0.6996399760246277,89.50499725341797
2008-12-19,27.614883422851562,0.7180799841880798,89.2699966430664
2008-12-22,27.026248931884766,0.7163800001144409,90.16000366210938
2008-12-23,26.605770111083984,0.7174699902534485,90.83999633789062
2008-12-24,27.11032485961914,0.7138299942016602,90.5
2008-12-25,,0.7135199904441833,90.51399993896484
2008-12-26,27.634300231933594,0.712909996509552,90.7699966430664
2008-12-29,27.38848876953125,0.7123000025749207,90.6520004272461
2008-12-30,28.242359161376953,0.7072100043296814,90.29000091552734
2008-12-31,28.895706176757812,0.7153099775314331,90.6500015258789
2009-01-01,,0.7143399715423584,90.66699981689453
2009-01-02,30.34467887878418,0.7182400226593018,91.79000091552734
2009-01-05,29.807777404785156,0.7328199744224548,93.21700286865234
2009-01-06,29.62664222717285,0.7401900291442871,93.37999725341797
2009-01-07,28.248821258544922,0.7347000241279602,92.68000030517578
2009-01-08,28.475234985351562,0.7299799919128418,91.36000061035156
2009-01-09,27.944791793823242,0.7432199716567993,90.37000274658203
2009-01-12,26.64458465576172,0.7484999895095825,89.43000030517578
2009-01-13,26.780424118041992,0.7574599981307983,89.34100341796875
2009-01-14,25.454349517822266,0.756600022315979,89.16000366210938
2009-01-15,25.755104064941406,0.7599899768829346,89.94000244140625
2009-01-16,25.859725952148438,0.7523300051689148,90.9000015258789
2009-01-19,,0.7637100219726562,90.62000274658203
2009-01-20,25.055503845214844,0.7760999798774719,89.80999755859375
2009-01-21,25.859725952148438,0.7689300179481506,89.05000305175781
2009-01-22,24.342798233032227,0.7688300013542175,89.1259994506836
2009-01-23,23.316253662109375,0.7713099718093872,88.76000213623047
2009-01-26,21.361249923706055,0.7580400109291077,89.23999786376953
2009-01-27,21.132404327392578,0.756659984588623,89.33000183105469
2009-01-28,21.577009201049805,0.7602699995040894,90.46199798583984
2009-01-29,20.82509422302246,0.7729200124740601,89.91000366210938
2009-01-30,20.171239852905273,0.7789999842643738,89.9000015258789
2009-02-02,19.805091857910156,0.7803400158882141,89.36000061035156
2009-02-03,19.608932495117188,0.7684699892997742,89.37000274658203
2009-02-04,20.007781982421875,0.7778699994087219,89.41999816894531
2009-02-05,20.668169021606445,0.781790018081665,91.1500015258789
2009-02-06,21.760095596313477,0.7735700011253357,91.91999816894531
2009-02-09,21.39394760131836,0.7716599702835083,91.30999755859375
2009-02-10,20.217016220092773,0.7743499875068665,90.44400024414062
2009-02-11,20.354320526123047,0.7771199941635132,90.29000091552734
2009-02-12,20.282400131225586,0.7757400274276733,90.66999816894531
2009-02-13,20.230091094970703,0.777239978313446,91.86000061035156
2009-02-16,,0.7813100218772888,91.70999908447266
2009-02-17,18.94854736328125,0.7947900295257568,92.2760009765625
2009-02-18,18.595468521118164,0.7956100106239319,93.62999725341797
2009-02-19,17.66700553894043,0.7899500131607056,94.01100158691406
2009-02-20,17.43161964416504,0.7732200026512146,93.33999633789062
2009-02-23,16.4246883392334,0.7887600064277649,94.4000015258789
2009-02-24,17.026229858398438,0.7767599821090698,96.55000305175781
2009-02-25,16.365846633911133,0.7858999967575073,97.38999938964844
2009-02-26,15.842761039733887,0.7861300110816956,98.33399963378906
2009-02-27,16.09122657775879,0.7887099981307983,97.62000274658203
2009-03-02,14.495832443237305,0.7959200143814087,97.05400085449219
2009-03-03,14.69198989868164,0.7979699969291687,98.53500366210938
2009-03-04,16.633922576904297,0.7912600040435791,98.99199676513672
2009-03-05,15.358916282653809,0.7970200181007385,98.12999725341797
2009-03-06,15.188915252685547,0.7912600040435791,98.33999633789062
2009-03-09,15.640066146850586,0.7922199964523315,98.91999816894531
2009-03-10,17.333534240722656,0.7863699793815613,98.77999877929688
2009-03-11,17.202775955200195,0.7808399796485901,97.25
2009-03-12,17.66700553894043,0.7752599716186523,97.31999969482422
2009-03-13,17.51007843017578,0.7734000086784363,97.94000244140625
2009-03-16,17.274690628051758,0.7706500291824341,98.19999694824219
2009-03-17,17.542774200439453,0.767270028591156,98.78099822998047
2009-03-18,17.961233139038086,0.7416200041770935,96.4010009765625
2009-03-19,18.57585334777832,0.7319599986076355,94.44999694824219
2009-03-20,17.69969367980957,0.736270010471344,95.93000030517578
2009-03-23,19.373550415039062,0.7341899871826172,97.09200286865234
2009-03-24,19.22316551208496,0.7417700290679932,98.33999633789062
2009-03-25,18.90277671813965,0.7365400195121765,97.7300033569336
2009-03-26,20.12548065185547,0.7390599846839905,98.69999694824219
2009-03-27,19.844316482543945,0.7523300051689148,97.8499984741211
2009-03-30,18.00046730041504,0.7583699822425842,97.43199920654297
2009-03-31,18.281618118286133,0.7548900246620178,98.97000122070312
2009-04-01,18.95508575439453,0.7552300095558167,98.66000366210938
2009-04-02,20.622398376464844,0.7425600290298462,99.55999755859375
2009-04-03,21.02125358581543,0.7413399815559387,100.30000305175781
2009-04-06,20.472013473510742,0.7459499835968018,100.76000213623047
2009-04-07,19.255857467651367,0.7531599998474121,100.69000244140625
2009-04-08,19.33431053161621,0.7546399831771851,99.73999786376953
2009-04-09,21.2631778717041,0.759880006313324,100.44000244140625
2009-04-10,,0.7589600086212158,100.26000213623047
2009-04-13,21.6816349029541,0.7482799887657166,100.0199966430664
2009-04-14,21.380861282348633,0.753350019454956,98.97000122070312
2009-04-15,21.590103149414062,0.756089985370636,99.2300033569336
2009-04-16,21.66295051574707,0.7587000131607056,99.33000183105469
2009-04-17,21.384794235229492,0.7665799856185913,99.08000183105469
2009-04-20,20.186077117919922,0.7734599709510803,98.06600189208984
2009-04-21,20.78874969482422,0.7731000185012817,98.63999938964844
2009-04-22,21.490751266479492,0.7688900232315063,98.12999725341797
2009-04-23,21.490751266479492,0.7609800100326538,97.91999816894531
2009-04-24,22.272241592407227,0.7542600035667419,97.20999908447266
2009-04-27,22.113296508789062,0.7681099772453308,96.52999877929688
2009-04-28,21.709306716918945,0.7615600228309631,96.52999877929688
2009-04-29,22.31197166442871,0.7538099884986877,97.47000122070312
2009-04-30,23.563669204711914,0.7555599808692932,98.69000244140625
2009-05-01,24.676286697387695,0.7536900043487549,99.19000244140625
2009-05-04,25.48426628112793,0.7452300190925598,98.83000183105469
2009-05-05,26.100173950195312,0.750980019569397,98.91999816894531
2009-05-06,26.490909576416016,0.7511500120162964,98.41000366210938
2009-05-07,25.113388061523438,0.7467100024223328,99.12799835205078
2009-05-08,26.252490997314453,0.7331900000572205,98.44999694824219
2009-05-11,25.451147079467773,0.7358400225639343,97.5
2009-05-12,25.206111907958984,0.7328699827194214,96.45999908447266
2009-05-13,23.894807815551758,0.7359099984169006,95.37000274658203
2009-05-14,23.888185501098633,0.7333499789237976,96.0
2009-05-15,23.669641494750977,0.7406299710273743,95.11000061035156
2009-05-18,25.02066993713379,0.7375699877738953,96.37300109863281
2009-05-19,24.947811126708984,0.7335500121116638,96.11699676513672
2009-05-20,24.702775955200195,0.7260599732398987,94.91100311279297
2009-05-21,23.537179946899414,0.7191100120544434,94.12999725341797
2009-05-22,22.72258758544922,0.7141299843788147,94.73999786376953
2009-05-25,,0.7139300107955933,94.81999969482422
2009-05-26,23.17955780029297,0.7145900130271912,95.05000305175781
2009-05-27,23.21266746520996,0.7228599786758423,95.37999725341797
2009-05-28,22.90802001953125,0.7178199887275696,96.7979965209961
2009-05-29,23.484193801879883,0.7063599824905396,95.43000030517578
2009-06-01,24.868350982666016,0.7060199975967407,96.52200317382812
2009-06-02,24.802125930786133,0.6988800168037415,95.60099792480469
2009-06-03,24.278926849365234,0.7067300081253052,96.06999969482422
2009-06-04,25.179628372192383,0.7053200006484985,96.64299774169922
2009-06-05,25.477643966674805,0.715719997882843,98.80999755859375
2009-06-08,25.54385757446289,0.7192699909210205,98.45700073242188
2009-06-09,25.3253116607666,0.7110700011253357,97.47699737548828
2009-06-10,24.914705276489258,0.7151100039482117,98.14900207519531
2009-06-11,24.90808868408203,0.7086700201034546,97.62999725341797
2009-06-12,24.9875545501709,0.7142300009727478,98.37000274658203
2009-06-15,23.921297073364258,0.7254300117492676,97.81900024414062
2009-06-16,23.55042839050293,0.7230700254440308,96.5
2009-06-17,23.04709815979004,0.7174599766731262,95.73999786376953
2009-06-18,22.57026481628418,0.7186499834060669,96.56999969482422
2009-06-19,22.28548240661621,0.7170000076293945,96.76000213623047
2009-06-22,21.4311580657959,0.7212299704551697,95.8499984741211
2009-06-23,21.855005264282227,0.7106299996376038,95.11900329589844
2009-06-24,22.119922637939453,0.7173100113868713,95.8479995727539
2009-06-25,22.841800689697266,0.7150200009346008,95.94300079345703
2009-06-26,22.888160705566406,0.7115899920463562,95.20999908447266
2009-06-29,23.007369995117188,0.7099199891090393,96.09200286865234
2009-06-30,21.88149642944336,0.7123100161552429,96.33100128173828
2009-07-01,21.980836868286133,0.7071700096130371,96.62000274658203
2009-07-02,21.020540237426758,0.7164599895477295,95.9520034790039
2009-07-03,,0.7163299918174744,96.13999938964844
2009-07-06,20.99405860900879,0.7154600024223328,95.16999816894531
2009-07-07,20.06024742126465,0.7185999751091003,94.76899719238281
2009-07-08,20.252304077148438,0.7205100059509277,92.77200317382812
2009-07-09,20.298669815063477,0.7128599882125854,93.04000091552734
2009-07-10,20.219188690185547,0.7176700234413147,92.52999877929688
2009-07-13,21.060279846191406,0.7147899866104126,93.02200317382812
2009-07-14,21.146373748779297,0.7157400250434875,93.4209976196289
2009-07-15,22.41132164001465,0.709119975566864,94.177001953125
2009-07-16,22.900846481323242,0.7071599960327148,93.7760009765625
2009-07-17,22.793554306030273,0.7089700102806091,94.20999908447266
2009-07-20,24.577350616455078,0.7036399841308594,94.13999938964844
2009-07-21,26.46170997619629,0.7042999863624573,93.53299713134766
2009-07-22,25.925243377685547,0.7039300203323364,93.56900024414062
2009-07-23,27.668790817260742,0.7060499787330627,94.93000030517578
2009-07-24,28.165037155151367,0.7036299705505371,94.87000274658203
2009-07-27,28.741743087768555,0.7019000053405762,95.16000366210938
2009-07-28,28.76857566833496,0.7069100141525269,94.37999725341797
2009-07-29,28.051042556762695,0.7135400176048279,95.0999984741211
2009-07-30,29.11057472229004,0.7099800109863281,95.55999755859375
2009-07-31,29.546449661254883,0.701259970664978,94.63999938964844
2009-08-03,30.257287979125977,0.6938700079917908,95.16699981689453
2009-08-04,32.11484146118164,0.6934999823570251,95.29000091552734
2009-08-05,31.276594161987305,0.693880021572113,94.7959976196289
2009-08-06,31.611879348754883,0.6957499980926514,95.48400115966797
2009-08-07,32.04106903076172,0.7046700119972229,97.43000030517578
2009-08-10,31.618610382080078,0.7076600193977356,97.01000213623047
2009-08-11,31.035186767578125,0.7067099809646606,95.91999816894531
2009-08-12,31.906957626342773,0.7033799886703491,96.15699768066406
2009-08-13,31.632020950317383,0.7004799842834473,95.2699966430664
2009-08-14,30.8474063873291,0.7038800120353699,94.86000061035156
2009-08-17,29.472700119018555,0.7089200019836426,94.43000030517578
2009-08-18,30.25058364868164,0.7059599757194519,94.83999633789062
2009-08-19,30.290830612182617,0.7015600204467773,94.11000061035156
2009-08-20,30.512117385864258,0.701259970664978,94.25700378417969
2009-08-21,31.71919059753418,0.6982799768447876,94.37000274658203
2009-08-24,31.893550872802734,0.6996399760246277,94.38999938964844
2009-08-25,32.074607849121094,0.7000799775123596,93.9000015258789
2009-08-26,31.685659408569336,0.702430009841919,94.08000183105469
2009-08-27,31.571659088134766,0.6957499980926514,93.62999725341797
2009-08-28,31.323530197143555,0.6963800191879272,93.55999755859375
2009-08-31,30.38469886779785,0.6972200274467468,92.87000274658203
2009-09-01,29.398937225341797,0.7036299705505371,92.70700073242188
2009-09-02,29.177627563476562,0.7005699872970581,92.20899963378906
2009-09-03,30.203651428222656,0.7014399766921997,92.68699645996094
2009-09-04,30.921175003051758,0.6995900273323059,92.97000122070312
2009-09-07,,0.6977400183677673,92.91999816894531
2009-09-08,31.497894287109375,0.6894599795341492,92.30999755859375
2009-09-09,32.46354675292969,0.6873800158500671,92.12999725341797
2009-09-10,32.651309967041016,0.6858100295066833,91.68699645996094
2009-09-11,32.54401397705078,0.6858699917793274,90.66000366210938
2009-09-14,32.704952239990234,0.6829100251197815,90.87000274658203
2009-09-15,34.66981506347656,0.6816200017929077,90.89800262451172
2009-09-16,35.28675842285156,0.6797199845314026,91.0199966430664
2009-09-17,36.13842010498047,0.6787499785423279,91.20600128173828
2009-09-18,35.82322692871094,0.6795300245285034,91.2699966430664
2009-09-21,35.179481506347656,0.6810100078582764,92.0260009765625
2009-09-22,36.44017791748047,0.6751300096511841,90.70999908447266
2009-09-23,35.635467529296875,0.679069995880127,91.3270034790039
2009-09-24,34.77040100097656,0.6825500130653381,90.822998046875
2009-09-25,34.33451843261719,0.6809700131416321,89.80999755859375
2009-09-28,34.99170684814453,0.6839200258255005,89.86199951171875
2009-09-29,34.602745056152344,0.6853200197219849,90.22100067138672
2009-09-30,34.42169952392578,0.6823599934577942,89.87000274658203
2009-10-01,33.160972595214844,0.6888999938964844,89.5469970703125
2009-10-02,32.74522018432617,0.6854000091552734,89.61000061035156
2009-10-05,34.032745361328125,0.682129979133606,89.62000274658203
2009-10-06,34.66981506347656,0.6792700290679932,88.80000305175781
2009-10-07,34.803932189941406,0.6797400116920471,88.53800201416016
2009-10-08,35.6019401550293,0.6765300035476685,88.76899719238281
2009-10-09,35.97076416015625,0.6786999702453613,89.73999786376953
2009-10-12,35.57511901855469,0.6759999990463257,89.70999908447266
2009-10-13,35.36723327636719,0.6735799908638,89.81999969482422
2009-10-14,36.55418395996094,0.669700026512146,89.41000366210938
2009-10-15,36.72853469848633,0.6686300039291382,90.8270034790039
2009-10-16,36.59441375732422,0.6707800030708313,90.91000366210938
2009-10-19,38.793983459472656,0.6682299971580505,90.77300262451172
2009-10-20,39.9742317199707,0.6695899963378906,90.7979965209961
2009-10-21,39.16279983520508,0.6663600206375122,90.87999725341797
2009-10-22,39.6761474609375,0.6648100018501282,91.39600372314453
2009-10-23,38.9061279296875,0.6662200093269348,92.05000305175781
2009-10-26,38.54814147949219,0.6728699803352356,92.19999694824219
2009-10-27,38.291473388671875,0.6748999953269958,91.6240005493164
2009-10-28,36.76494598388672,0.6794400215148926,90.56999969482422
2009-10-29,38.66973114013672,0.6738499999046326,91.48999786376953
2009-10-30,37.19047927856445,0.6787499785423279,90.08999633789062
2009-11-02,37.480926513671875,0.676859974861145,90.38999938964844
2009-11-03,38.136104583740234,0.6788399815559387,90.38999938964844
2009-11-04,37.9740104675293,0.672540009021759,90.697998046875
2009-11-05,39.169551849365234,0.6721299886703491,90.7699966430664
2009-11-06,38.9061279296875,0.6734499931335449,89.87999725341797
2009-11-09,40.52721405029297,0.6663100123405457,89.8290023803711
2009-11-10,40.50019836425781,0.6671199798583984,89.70999908447266
2009-11-11,40.5677490234375,0.6673799753189087,89.91000366210938
2009-11-12,39.561317443847656,0.6730899810791016,90.27999877929688
2009-11-13,39.70317077636719,0.670740008354187,89.66000366210938
2009-11-16,40.79739761352539,0.667389988899231,89.01000213623047
2009-11-17,40.446170806884766,0.6721799969673157,89.2300033569336
2009-11-18,40.12869644165039,0.668720006942749,89.39800262451172
2009-11-19,39.58834457397461,0.6704099774360657,88.9000015258789
2009-11-20,39.14253616333008,0.6727700233459473,88.83000183105469
2009-11-23,39.2708625793457,0.6683599948883057,88.9000015258789
2009-11-24,39.17631912231445,0.668150007724762,88.59300231933594
2009-11-25,39.87877655029297,0.6610299944877625,87.36000061035156
2009-11-26,,0.6678699851036072,85.13999938964844
2009-11-27,38.80481719970703,0.6670699715614319,86.4800033569336
2009-11-30,39.43973159790039,0.6649399995803833,86.25
2009-12-01,40.31107711791992,0.6626899838447571,86.6500015258789
2009-12-02,39.81124496459961,0.6635800004005432,87.55999755859375
2009-12-03,39.31139373779297,0.6637700200080872,88.25900268554688
2009-12-04,39.378944396972656,0.6730800271034241,90.5199966430664
2009-12-07,38.87911605834961,0.673799991607666,89.29000091552734
2009-12-08,38.08207321166992,0.6804100275039673,88.37999725341797
2009-12-09,37.946990966796875,0.6785200238227844,88.08999633789062
2009-12-10,38.460323333740234,0.6789100170135498,88.2300033569336
2009-12-11,38.845340728759766,0.6840400099754333,89.08999633789062
2009-12-14,39.378944396972656,0.6822699904441833,88.69000244140625
2009-12-15,39.31139373779297,0.6876599788665771,89.51100158691406
2009-12-16,39.331668853759766,0.6884199976921082,89.8499984741211
2009-12-17,38.85884094238281,0.6970099806785583,89.63999938964844
2009-12-18,38.62919616699219,0.69691002368927,90.44000244140625
2009-12-21,38.9061279296875,0.6999499797821045,91.05699920654297
2009-12-22,39.10200500488281,0.7015399932861328,91.80500030517578
2009-12-23,39.3924560546875,0.6975399851799011,91.63999938964844
2009-12-24,39.39921569824219,0.695169985294342,91.44400024414062
2009-12-25,,0.6944900155067444,91.11000061035156
2009-12-28,39.520790100097656,0.6956499814987183,91.69000244140625
2009-12-29,39.297882080078125,0.6972000002861023,91.97000122070312
2009-12-30,39.21009826660156,0.6972500085830688,92.41999816894531
2009-12-31,38.494110107421875,0.6979799866676331,92.91000366210938
2010-01-01,,0.6949300169944763,92.91999816894531
2010-01-04,39.54780960083008,0.6932899951934814,92.49500274658203
2010-01-05,40.020626068115234,0.6960899829864502,91.58499908447266
2010-01-06,40.1422119140625,0.6942499876022339,92.35600280761719
2010-01-07,40.30432891845703,0.698419988155365,93.38999938964844
2010-01-08,40.75686264038086,0.6939100027084351,92.66000366210938
2010-01-11,43.316837310791016,0.6891199946403503,92.09200286865234
2010-01-12,42.04022979736328,0.6907699704170227,91.08000183105469
2010-01-13,42.101016998291016,0.6885200142860413,91.43299865722656
2010-01-14,41.8646125793457,0.6896600127220154,91.26699829101562
2010-01-15,40.88533020019531,0.6948800086975098,90.75
2010-01-18,,0.6941199898719788,90.70500183105469
2010-01-19,41.43618392944336,0.7002300024032593,91.1989974975586
2010-01-20,40.640506744384766,0.7087000012397766,91.19200134277344
2010-01-21,38.66153335571289,0.7093700170516968,90.39299774169922
2010-01-22,36.89336013793945,0.7071599960327148,89.80999755859375
2010-01-25,37.498619079589844,0.7067099809646606,90.41500091552734
2010-01-26,37.98146057128906,0.7101100087165833,89.62999725341797
2010-01-27,36.3425178527832,0.7127100229263306,89.94999694824219
2010-01-28,35.26802444458008,0.7159199714660645,89.77799987792969
2010-01-29,35.52644348144531,0.7211400270462036,90.2699966430664
2010-02-01,36.002479553222656,0.7180299758911133,90.76000213623047
2010-02-02,36.41730880737305,0.715499997138977,90.4280014038086
2010-02-03,36.30851364135742,0.7193700075149536,90.83999633789062
2010-02-04,34.9551887512207,0.7275400161743164,89.41000366210938
2010-02-05,35.19320297241211,0.7309899926185608,89.22000122070312
2010-02-08,34.53355407714844,0.7323499917984009,89.22000122070312
2010-02-09,36.40373229980469,0.7255799770355225,89.76799774169922
2010-02-10,36.145301818847656,0.7271000146865845,89.93000030517578
2010-02-11,38.18547058105469,0.73089998960495,89.80999755859375
2010-02-12,38.219486236572266,0.7334100008010864,89.94999694824219
2010-02-15,,0.7351300120353699,90.05000305175781
2010-02-16,38.84513473510742,0.7263699769973755,90.24400329589844
2010-02-17,39.10356140136719,0.7349200248718262,91.05000305175781
2010-02-18,39.31437683105469,0.7428600192070007,91.97699737548828
2010-02-19,39.613609313964844,0.7344800233840942,91.54000091552734
2010-02-22,39.46399688720703,0.7349900007247925,91.23500061035156
2010-02-23,38.53231430053711,0.7392600178718567,90.16000366210938
2010-02-24,38.736331939697266,0.7383800148963928,90.27899932861328
2010-02-25,38.620731353759766,0.7387700080871582,89.2699966430664
2010-02-26,38.79753875732422,0.7336199879646301,88.9209976196289
2010-03-01,39.34158706665039,0.7373499870300293,89.1500015258789
2010-03-02,39.54561233520508,0.7341799736022949,88.73999786376953
2010-03-03,39.83123779296875,0.7298399806022644,88.56999969482422
2010-03-04,39.74964141845703,0.7361599802970886,89.16000366210938
2010-03-05,40.28009033203125,0.7337300181388855,90.22000122070312
2010-03-08,40.062461853027344,0.7343800067901611,90.28600311279297
2010-03-09,40.24606704711914,0.7349200248718262,89.98899841308594
2010-03-10,39.97405242919922,0.7329599857330322,90.47000122070312
2010-03-11,40.0556526184082,0.7307100296020508,90.64800262451172
2010-03-12,41.04853820800781,0.7262200117111206,90.54000091552734
2010-03-15,40.44329833984375,0.7311300039291382,90.31999969482422
2010-03-16,40.429683685302734,0.7262799739837646,90.29000091552734
2010-03-17,40.95334243774414,0.7278900146484375,90.40299987792969
2010-03-18,40.64730453491211,0.7345399856567383,90.4800033569336
2010-03-19,40.37527847290039,0.7387199997901917,90.5199966430664
2010-03-22,40.76972579956055,0.7370799779891968,90.33999633789062
2010-03-23,42.442665100097656,0.7425000071525574,90.36599731445312
2010-03-24,42.20465850830078,0.7501299977302551,92.01399993896484
2010-03-25,42.2590446472168,0.751479983329773,92.51300048828125
2010-03-26,42.463069915771484,0.745710015296936,92.50700378417969
2010-03-29,43.170326232910156,0.7417799830436707,92.48999786376953
2010-03-30,42.95271682739258,0.7449300289154053,92.81999969482422
2010-03-31,42.74189758300781,0.7402999997138977,93.5199966430664
2010-04-01,43.51716232299805,0.7361599802970886,93.8499984741211
2010-04-02,,0.7404699921607971,94.52999877929688
2010-04-05,44.197227478027344,0.7413399815559387,94.33000183105469
2010-04-06,44.40125274658203,0.7461599707603455,93.79399871826172
2010-04-07,43.843589782714844,0.7491499781608582,93.30899810791016
2010-04-08,43.850399017333984,0.7484400272369385,93.41999816894531
2010-04-09,44.38764953613281,0.7406899929046631,93.16000366210938
2010-04-12,45.380531311035156,0.735509991645813,93.18299865722656
2010-04-13,45.013301849365234,0.7348300218582153,93.18000030517578
2010-04-14,45.75455856323242,0.7322800159454346,93.31800079345703
2010-04-15,46.393836975097656,0.7366999983787537,93.04000091552734
2010-04-16,45.48255157470703,0.7405200004577637,92.1500015258789
2010-04-19,45.55734634399414,0.7414399981498718,92.45999908447266
2010-04-20,45.904178619384766,0.7443199753761292,93.1709976196289
2010-04-21,46.0742073059082,0.7468299865722656,93.05400085449219
2010-04-22,46.1973762512207,0.7535799741744995,93.39800262451172
2010-04-23,47.066444396972656,0.747160017490387,93.94999694824219
2010-04-26,49.030391693115234,0.7462000250816345,93.9000015258789
2010-04-27,46.89535140991211,0.7592599987983704,93.14399719238281
2010-04-28,47.19644546508789,0.7568399906158447,93.95999908447266
2010-04-29,48.41453170776367,0.7539799809455872,94.01300048828125
2010-04-30,46.59428024291992,0.751990020275116,93.83000183105469
2010-05-03,47.86023712158203,0.7575799822807312,94.69200134277344
2010-05-04,45.6430778503418,0.771369993686676,94.70999908447266
2010-05-05,45.13669967651367,0.7803400158882141,93.78099822998047
2010-05-06,43.45331954956055,0.7915800213813782,90.83000183105469
2010-05-07,42.495304107666016,0.7839400172233582,91.58000183105469
2010-05-10,45.63626480102539,0.7825199961662292,93.18000030517578
2010-05-11,45.211978912353516,0.7917699813842773,92.48999786376953
2010-05-12,46.63532638549805,0.7911999821662903,93.16899871826172
2010-05-13,45.78679275512695,0.7973799705505371,92.7770004272461
2010-05-14,44.39764404296875,0.8090599775314331,92.45999908447266
2010-05-17,43.64491271972656,0.80690997838974,92.55000305175781
2010-05-18,43.241172790527344,0.8210899829864502,91.9010009765625
2010-05-19,42.043643951416016,0.806879997253418,91.54000091552734
2010-05-20,40.14814376831055,0.8013499975204468,89.37000274658203
2010-05-21,41.11983108520508,0.7957299947738647,89.98600006103516
2010-05-24,40.524497985839844,0.809719979763031,90.19000244140625
2010-05-25,40.51764678955078,0.8099799752235413,90.33200073242188
2010-05-26,40.873497009277344,0.8214899897575378,89.97000122070312
2010-05-27,42.467918395996094,0.8098499774932861,90.87899780273438
2010-05-28,41.57831954956055,0.8147299885749817,91.052001953125
2010-05-31,,0.8138099908828735,91.19000244140625
2010-06-01,40.55869674682617,0.8174600005149841,91.0999984741211
2010-06-02,41.646759033203125,0.8170599937438965,92.19000244140625
2010-06-03,41.81782913208008,0.8217300176620483,92.62300109863281
2010-06-04,39.5254020690918,0.835349977016449,91.87999725341797
2010-06-07,38.20470428466797,0.8387200236320496,91.51599884033203
2010-06-08,38.73844909667969,0.8352800011634827,91.41000366210938
2010-06-09,38.875308990478516,0.8338900208473206,91.36499786376953
2010-06-10,41.0240478515625,0.8258299827575684,91.30899810791016
2010-06-11,41.21563720703125,0.8254899978637695,91.62000274658203
2010-06-14,41.7425537109375,0.8184599876403809,91.62000274658203
2010-06-15,43.42593765258789,0.8117499947547913,91.4739990234375
2010-06-16,44.06233596801758,0.8122199773788452,91.39600372314453
2010-06-17,44.445552825927734,0.8076199889183044,90.83999633789062
2010-06-18,45.061431884765625,0.80690997838974,90.69999694824219
2010-06-21,45.211978912353516,0.8119500279426575,90.99500274658203
2010-06-22,43.87074279785156,0.8146600127220154,90.54000091552734
2010-06-23,44.021297454833984,0.8117499947547913,89.91000366210938
2010-06-24,43.36436080932617,0.8105400204658508,89.62999725341797
2010-06-25,44.28132247924805,0.808210015296936,89.1500015258789
2010-06-28,44.06919479370117,0.8145300149917603,89.31300354003906
2010-06-29,41.6399040222168,0.8205900192260742,88.64900207519531
2010-06-30,41.10615539550781,0.8176599740982056,88.43000030517578
2010-07-01,41.03772735595703,0.7995200157165527,87.5999984741211
2010-07-02,40.49711227416992,0.7954800128936768,87.79000091552734
2010-07-05,,0.7976400256156921,87.625
2010-07-06,40.92824935913086,0.792140007019043,87.4800033569336
2010-07-07,42.550045013427734,0.7915700078010559,87.68000030517578
2010-07-08,43.22748947143555,0.7877699732780457,88.41000366210938
2010-07-09,44.28817367553711,0.7908899784088135,88.56999969482422
2010-07-12,43.98707580566406,0.7942799925804138,88.63899993896484
2010-07-13,45.704689025878906,0.786109983921051,88.79299926757812
2010-07-14,45.6430778503418,0.7849000096321106,88.2699966430664
2010-07-15,45.513065338134766,0.7734799981117249,87.33999633789062
2010-07-16,44.04580307006836,0.7732800245285034,86.55999755859375
2010-07-19,44.63821792602539,0.7728300094604492,86.76000213623047
2010-07-20,45.76106643676758,0.7756100296974182,87.24199676513672
2010-07-21,46.06415939331055,0.7832099795341492,86.86100006103516
2010-07-22,46.84256362915039,0.7750099897384644,87.1240005493164
2010-07-23,47.7449951171875,0.7744100093841553,87.5199966430664
2010-07-26,48.213401794433594,0.7692899703979492,86.99800109863281
2010-07-27,47.65541458129883,0.7697700262069702,87.81600189208984
2010-07-28,48.02743148803711,0.7696899771690369,87.4520034790039
2010-07-29,47.8069953918457,0.7646399736404419,86.68299865722656
2010-07-30,48.04808807373047,0.7669299840927124,86.44000244140625
2010-08-02,48.94359588623047,0.7589600086212158,86.5979995727539
2010-08-03,48.475162506103516,0.7561399936676025,85.77999877929688
2010-08-04,48.991817474365234,0.7561399936676025,85.77999877929688
2010-08-05,49.57046127319336,0.7599899768829346,86.30000305175781
2010-08-06,49.29490280151367,0.758650004863739,85.83300018310547
2010-08-09,49.646236419677734,0.7526900172233582,85.34400177001953
2010-08-10,49.19847869873047,0.7558599710464478,85.89700317382812
2010-08-11,47.3316650390625,0.7584400177001953,85.36000061035156
2010-08-12,46.49812698364258,0.7785699963569641,85.1719970703125
2010-08-13,46.84946823120117,0.7794299721717834,86.0739974975586
2010-08-16,47.18012619018555,0.7830299735069275,86.13999938964844
2010-08-17,48.041194915771484,0.7805200219154358,85.30699920654297
2010-08-18,48.04808807373047,0.7764000296592712,85.59500122070312
2010-08-19,47.731224060058594,0.7778199911117554,85.44000244140625
2010-08-20,47.43498229980469,0.7807599902153015,85.34400177001953
2010-08-23,46.04347610473633,0.7867799997329712,85.55999755859375
2010-08-24,44.80355453491211,0.791450023651123,85.14099884033203
2010-08-25,44.569332122802734,0.7915800213813782,84.1780014038086
2010-08-26,44.05268096923828,0.7896400094032288,84.68399810791016
2010-08-27,45.39594268798828,0.7870000004768372,84.34600067138672
2010-08-30,44.410888671875,0.7840700149536133,85.5009994506836
2010-08-31,44.88621520996094,0.7895200252532959,84.53199768066406
2010-09-01,46.95280456542969,0.7881900072097778,84.13999938964844
2010-09-02,47.21454620361328,0.7810699939727783,84.40699768066406
2010-09-03,48.27539825439453,0.779670000076294,84.25
2010-09-06,,0.7755500078201294,84.43000030517578
2010-09-07,48.01362991333008,0.7771000266075134,84.12000274658203
2010-09-08,48.730045318603516,0.7887700200080872,83.73200225830078
2010-09-09,48.66118240356445,0.7854200005531311,83.94999694824219
2010-09-10,49.08824920654297,0.7878299951553345,83.93000030517578
2010-09-13,49.763343811035156,0.7863500118255615,84.30699920654297
2010-09-14,49.48091125488281,0.7768800258636475,83.68099975585938
2010-09-15,49.68756866455078,0.7697200179100037,83.0479965209961
2010-09-16,49.5980339050293,0.768339991569519,85.69999694824219
2010-09-17,50.41087341308594,0.7647600173950195,85.8479995727539
2010-09-20,51.49237060546875,0.7666400074958801,85.69000244140625
2010-09-21,52.62211990356445,0.7652900218963623,85.7020034790039
2010-09-22,52.47745895385742,0.7543200254440308,85.11299896240234
2010-09-23,52.53256607055664,0.7467700242996216,84.4800033569336
2010-09-24,54.92291259765625,0.7508000135421753,84.51000213623047
2010-09-27,54.79203796386719,0.741890013217926,84.31600189208984
2010-09-28,54.881591796875,0.7440999746322632,84.2750015258789
2010-09-29,55.102012634277344,0.7368699908256531,83.89199829101562
2010-09-30,54.199607849121094,0.733780026435852,83.76599884033203
2010-10-01,53.88273620605469,0.7340999841690063,83.56999969482422
2010-10-04,53.22832489013672,0.725849986076355,83.33300018310547
2010-10-05,54.695613861083984,0.7313100099563599,83.50299835205078
2010-10-06,54.47515869140625,0.7228599786758423,83.19000244140625
2010-10-07,54.240928649902344,0.7183899879455566,82.96700286865234
2010-10-08,55.36378860473633,0.7179800271987915,82.37999725341797
2010-10-11,55.095123291015625,0.7154300212860107,81.81999969482422
2010-10-12,54.654239654541016,0.7204499840736389,82.08899688720703
2010-10-13,55.308692932128906,0.7185500264167786,81.77999877929688
2010-10-14,55.04689407348633,0.7159600257873535,81.7979965209961
2010-10-15,54.93667984008789,0.7106299996376038,81.47000122070312
2010-10-18,55.27423858642578,0.7161099910736084,81.37799835205078
2010-10-19,54.11006164550781,0.7175700068473816,81.197998046875
2010-10-20,55.32933807373047,0.7278500199317932,81.54199981689453
2010-10-21,54.643619537353516,0.7161700129508972,81.05500030517578
2010-10-22,54.255741119384766,0.7185500264167786,81.30000305175781
2010-10-25,54.754425048828125,0.7171499729156494,81.30899810791016
2010-10-26,54.47738265991211,0.7168999910354614,80.82499694824219
2010-10-27,54.179534912109375,0.7218000292778015,81.33699798583984
2010-10-28,53.847068786621094,0.7257900238037109,81.67900085449219
2010-10-29,54.44273376464844,0.7257900238037109,81.67900085449219
2010-11-01,54.906837463378906,0.7155600190162659,80.40599822998047
2010-11-02,55.239295959472656,0.7188599705696106,80.55899810791016
2010-11-03,55.329315185546875,0.7124500274658203,80.66799926757812
2010-11-04,57.6151123046875,0.7078499794006348,81.05000305175781
2010-11-05,57.864463806152344,0.7028399705886841,80.7760009765625
2010-11-08,57.57353973388672,0.7104399800300598,81.13999938964844
2010-11-09,56.73543167114258,0.7210000157356262,81.08999633789062
2010-11-10,57.11638259887695,0.7261099815368652,81.58300018310547
2010-11-11,57.102577209472656,0.7259200215339661,82.2040023803711
2010-11-12,56.132816314697266,0.7341600060462952,82.41000366210938
2010-11-15,56.67310333251953,0.7302899956703186,82.47000122070312
2010-11-16,55.66874313354492,0.7366600036621094,83.16200256347656
2010-11-17,56.222862243652344,0.7412599921226501,83.37999725341797
2010-11-18,57.56660079956055,0.7377899885177612,83.0999984741211
2010-11-19,58.16228103637695,0.7322099804878235,83.54000091552734
2010-11-22,58.18307113647461,0.7275699973106384,83.48500061035156
2010-11-23,57.23414993286133,0.7351899743080139,83.29000091552734
2010-11-24,58.661033630371094,0.7470300197601318,83.26899719238281
2010-11-25,,0.7486199736595154,83.5199966430664
2010-11-26,58.273128509521484,0.7496399879455566,83.62999725341797
2010-11-29,57.95451736450195,0.7554000020027161,84.15699768066406
2010-11-30,58.598690032958984,0.7631300091743469,84.25399780273438
2010-12-01,60.572750091552734,0.7696999907493591,83.6780014038086
2010-12-02,61.38315963745117,0.7619100213050842,84.12300109863281
2010-12-03,61.90957260131836,0.756659984588623,83.7490005493164
2010-12-06,61.78489685058594,0.7453799843788147,82.77999877929688
2010-12-07,62.58144760131836,0.7526199817657471,82.66999816894531
2010-12-08,62.07579803466797,0.755020022392273,83.47899627685547
2010-12-09,62.11043930053711,0.7546700239181519,84.0999984741211
2010-12-10,62.29747009277344,0.7551699876785278,83.81600189208984
2010-12-13,63.46805191040039,0.7577400207519531,83.9729995727539
2010-12-14,63.78668975830078,0.7465199828147888,83.44000244140625
2010-12-15,64.5000991821289,0.748449981212616,83.79000091552734
2010-12-16,64.55553436279297,0.7562000155448914,84.26899719238281
2010-12-17,64.13299560546875,0.7552899718284607,84.05000305175781
2010-12-20,64.6247787475586,0.7595900297164917,84.01000213623047
2010-12-21,65.5460433959961,0.7623100280761719,83.77100372314453
2010-12-22,65.50447082519531,0.7639399766921997,83.79000091552734
2010-12-23,65.42132568359375,0.7624599933624268,83.55999755859375
2010-12-24,,0.7617800235748291,83.0199966430664
2010-12-27,65.15814208984375,0.7645400166511536,82.91899871826172
2010-12-28,64.89490509033203,0.7581700086593628,82.72000122070312
2010-12-29,64.95723724365234,0.7641599774360657,82.35600280761719
2010-12-30,65.01962280273438,0.7561699748039246,81.61799621582031
2010-12-31,64.8741226196289,0.7518100142478943,81.4800033569336
2011-01-03,65.21353912353516,0.7486199736595154,81.12300109863281
2011-01-04,64.90876770019531,0.7486799955368042,81.66999816894531
2011-01-05,65.46981048583984,0.7506899833679199,82.03800201416016
2011-01-06,64.79100036621094,0.7600600123405457,83.18900299072266
2011-01-07,64.9226303100586,0.7704200148582458,83.30000305175781
2011-01-10,64.6871566772461,0.7754899859428406,83.02999877929688
2011-01-11,65.07501983642578,0.7713099718093872,82.70999908447266
2011-01-12,64.75640106201172,0.7701799869537354,83.33999633789062
2011-01-13,65.20660400390625,0.761709988117218,83.06999969482422
2011-01-14,65.11658477783203,0.7488800287246704,82.76200103759766
2011-01-17,,0.7473700046539307,82.88700103759766
2011-01-18,66.96768951416016,0.7527899742126465,82.66999816894531
2011-01-19,66.4875259399414,0.7474899888038635,82.61199951171875
2011-01-20,65.14440155029297,0.7433800101280212,82.15499877929688
2011-01-21,64.5459213256836,0.7425000071525574,82.91999816894531
2011-01-24,65.81249237060547,0.7342399954795837,82.58599853515625
2011-01-25,65.68720245361328,0.7329199910163879,82.54199981689453
2011-01-26,66.63365936279297,0.7306699752807617,82.26000213623047
2011-01-27,67.24607849121094,0.729390025138855,82.16300201416016
2011-01-28,66.58493041992188,0.7286999821662903,82.88500213623047
2011-01-31,67.51049041748047,0.73676997423172,82.08899688720703
2011-02-01,68.20643615722656,0.7291899919509888,82.06999969482422
2011-02-02,68.95801544189453,0.7230700254440308,81.39099884033203
2011-02-03,68.8466567993164,0.7236999869346619,81.49299621582031
2011-02-04,69.30596923828125,0.7339699864387512,81.6500015258789
2011-02-07,69.91837310791016,0.7366499900817871,82.22000122070312
2011-02-08,70.01579284667969,0.735729992389679,82.28900146484375
2011-02-09,69.44517517089844,0.7338399887084961,82.3030014038086
2011-02-10,70.00881958007812,0.7288100123405457,82.41899871826172
2011-02-11,72.0548324584961,0.7351899743080139,83.33999633789062
2011-02-14,71.85994720458984,0.7401900291442871,83.44400024414062
2011-02-15,71.67900848388672,0.7417799830436707,83.41300201416016
2011-02-16,72.061767578125,0.7408199906349182,83.71600341796875
2011-02-17,71.9295654296875,0.7366300225257874,83.61000061035156
2011-02-18,73.66930389404297,0.7338899970054626,83.29000091552734
2011-02-21,,0.7292100191116333,83.08000183105469
2011-02-22,70.99007415771484,0.7308700084686279,83.06600189208984
2011-02-23,69.60519409179688,0.7313299775123596,82.76000213623047
2011-02-24,69.98796081542969,0.7265300154685974,82.43800354003906
2011-02-25,70.98310852050781,0.7235900163650513,82.0469970703125
2011-02-28,71.63031768798828,0.7281000018119812,81.62200164794922
2011-03-01,69.49385833740234,0.7235100269317627,81.87300109863281
2011-03-02,70.26632690429688,0.7261199951171875,81.89800262451172
2011-03-03,72.5489273071289,0.7211599946022034,81.8280029296875
2011-03-04,71.70685577392578,0.7163900136947632,82.36699676513672
2011-03-07,71.0735855102539,0.7147600054740906,82.34300231933594
2011-03-08,72.46540069580078,0.7161300182342529,82.29199981689453
2011-03-09,71.23365020751953,0.7195299863815308,82.80000305175781
2011-03-10,68.47087860107422,0.7193099856376648,82.83300018310547
2011-03-11,69.60519409179688,0.7245699763298035,82.91799926757812
2011-03-14,71.05269622802734,0.7176399827003479,81.28399658203125
2011-03-15,70.11320495605469,0.7146900296211243,81.81999969482422
2011-03-16,69.86967468261719,0.7149900197982788,81.05599975585938
2011-03-17,71.76253509521484,0.7202100157737732,79.12799835205078
2011-03-18,73.11261749267578,0.7126100063323975,79.5
2011-03-21,74.87324523925781,0.7056900262832642,81.01499938964844
2011-03-22,74.31654357910156,0.7033799886703491,81.20899963378906
2011-03-23,74.29566955566406,0.705810010433197,81.03900146484375
2011-03-24,75.41606903076172,0.7089200019836426,80.86699676513672
2011-03-25,75.91712951660156,0.7056199908256531,81.01399993896484
2011-03-28,76.13285064697266,0.7129600048065186,81.4489974975586
2011-03-29,76.92621612548828,0.7102400064468384,81.76000213623047
2011-03-30,77.61515045166016,0.7086600065231323,82.41100311279297
2011-03-31,77.48988342285156,0.7081500291824341,83.1500015258789
2011-04-01,78.72167205810547,0.706279993057251,83.36000061035156
2011-04-04,78.90259552001953,0.7030699849128723,84.22000122070312
2011-04-05,78.1579818725586,0.7032300233840942,84.12999725341797
2011-04-06,77.24633026123047,0.703279972076416,85.16000366210938
2011-04-07,76.44601440429688,0.6975799798965454,85.31999969482422
2011-04-08,76.42515563964844,0.6991999745368958,84.95999908447266
2011-04-11,75.90322875976562,0.6914600133895874,85.04000091552734
2011-04-12,74.16344451904297,0.6926199793815613,84.62999725341797
2011-04-13,74.90110778808594,0.690779983997345,83.5999984741211
2011-04-14,74.86629486083984,0.6924200057983398,83.78299713134766
2011-04-15,74.60883331298828,0.6929000020027161,
2011-04-18,72.30535125732422,0.6938199996948242,83.14700317382812
2011-04-19,73.83634948730469,0.7030400037765503,82.33399963378906
2011-04-20,75.66725158691406,0.6974499821662903,82.58000183105469
2011-04-21,76.46387481689453,0.6889899969100952,82.44000244140625
2011-04-22,,0.6870499849319458,81.89700317382812
2011-04-25,76.06556701660156,0.6869500279426575,81.87000274658203
2011-04-26,78.22490692138672,0.685920000076294,81.83999633789062
2011-04-27,78.69308471679688,0.6808300018310547,81.51100158691406
2011-04-28,78.71404266357422,0.6765900254249573,82.2040023803711
2011-04-29,80.64976501464844,0.6736699938774109,81.52999877929688
2011-05-02,79.9229965209961,0.6759499907493591,81.22699737548828
2011-05-03,79.15431213378906,0.674589991569519,81.18000030517578
2011-05-04,77.40728759765625,0.6741600036621094,80.96900177001953
2011-05-05,76.44293212890625,0.6743199825286865,80.63999938964844
2011-05-06,77.10679626464844,0.6875500082969666,80.41699981689453
2011-05-09,78.02921295166016,0.6967200040817261,80.73400115966797
2011-05-10,78.87478637695312,0.6955999732017517,80.24199676513672
2011-05-11,76.85520935058594,0.6939100027084351,81.01100158691406
2011-05-12,75.91182708740234,0.7036799788475037,81.01000213623047
2011-05-13,74.30457305908203,0.7023500204086304,81.04000091552734
2011-05-16,74.13685607910156,0.7103300094604492,80.81700134277344
2011-05-17,71.33460998535156,0.706309974193573,80.78199768066406
2011-05-18,73.54984283447266,0.7008200287818909,81.4209976196289
2011-05-19,73.58480072021484,0.7014999985694885,81.66100311279297
2011-05-20,72.90692901611328,0.6985099911689758,81.71399688720703
2011-05-23,71.20185852050781,0.7089300155639648,81.73999786376953
2011-05-24,70.96426391601562,0.7124199867248535,81.95700073242188
2011-05-25,72.15221405029297,0.7092700004577637,82.0479965209961
2011-05-26,72.80912780761719,0.7099800109863281,82.02200317382812
2011-05-27,73.09561920166016,0.7074599862098694,81.2699966430664
2011-05-30,,0.699429988861084,80.83100128173828
2011-05-31,73.93417358398438,0.6982100009918213,80.87999725341797
2011-06-01,70.74760437011719,0.6930999755859375,81.4530029296875
2011-06-02,71.41146087646484,0.6971099972724915,80.89399719238281
2011-06-03,70.64976501464844,0.6903200149536133,80.97000122070312
2011-06-06,69.78323364257812,0.6823599934577942,80.22000122070312
2011-06-07,69.79724884033203,0.68572998046875,80.12000274658203
2011-06-08,68.51141357421875,0.6809200048446655,80.16999816894531
2011-06-09,69.36396026611328,0.6848400235176086,79.88999938964844
2011-06-10,67.63787841796875,0.6889100074768066,80.29000091552734
2011-06-13,66.69451904296875,0.6977099776268005,80.33999633789062
2011-06-14,68.38563537597656,0.6936299800872803,80.1760025024414
2011-06-15,66.84126281738281,0.6920400261878967,80.54000091552734
2011-06-16,66.70848846435547,0.7051200270652771,80.87999725341797
2011-06-17,67.0509033203125,0.7042700052261353,80.5770034790039
2011-06-20,68.6092529296875,0.7000300288200378,80.07599639892578
2011-06-21,70.8524169921875,0.6980599761009216,80.23400115966797
2011-06-22,69.98592376708984,0.695330023765564,80.22100067138672
2011-06-23,70.26543426513672,0.6985999941825867,80.38300323486328
2011-06-24,69.8880615234375,0.7007700204849243,80.44000244140625
2011-06-27,70.44013977050781,0.7056499719619751,80.45999908447266
2011-06-28,72.56452941894531,0.6984800100326538,80.8499984741211
2011-06-29,72.2291030883789,0.6964799761772156,81.08000183105469
2011-06-30,74.39539337158203,0.6906599998474121,80.70999908447266
2011-07-01,75.90485382080078,0.6898000240325928,80.5999984741211
2011-07-04,,0.6877599954605103,80.87999725341797
2011-07-05,75.77205657958984,0.6871399879455566,80.73300170898438
2011-07-06,76.92510223388672,0.69309002161026,81.06999969482422
2011-07-07,78.00823211669922,0.6977599859237671,80.93800354003906
2011-07-08,77.15570831298828,0.6961600184440613,81.2300033569336
2011-07-11,75.58338165283203,0.7041299939155579,80.6500015258789
2011-07-12,74.7238540649414,0.7122200131416321,80.29000091552734
2011-07-13,75.91880798339844,0.7158700227737427,79.31800079345703
2011-07-14,75.17808532714844,0.702530026435852,78.91999816894531
2011-07-15,76.42195129394531,0.7063500285148621,79.18000030517578
2011-07-18,75.6500244140625,0.7080600261688232,79.11299896240234
2011-07-19,76.9412612915039,0.708620011806488,79.05000305175781
2011-07-20,77.41144561767578,0.7055699825286865,79.1259994506836
2011-07-21,78.31671142578125,0.7007700204849243,78.75399780273438
2011-07-22,73.79033660888672,0.6934800148010254,78.58399963378906
2011-07-25,74.14825439453125,0.6949999928474426,78.37999725341797
2011-07-26,73.82542419433594,0.6958199739456177,78.30000305175781
2011-07-27,71.11663055419922,0.68927001953125,77.91400146484375
2011-07-28,69.92362976074219,0.6957499980926514,77.93000030517578
2011-07-29,69.32714080810547,0.6977400183677673,77.7300033569336
2011-08-01,70.68155670166016,0.6962000131607056,77.21299743652344
2011-08-02,68.19728088378906,0.7011600136756897,77.45999908447266
2011-08-03,67.56570434570312,0.7055500149726868,77.33499908447266
2011-08-04,62.84286117553711,0.6967200040817261,77.11199951171875
2011-08-05,63.853363037109375,0.7108799815177917,79.29000091552734
2011-08-08,57.96561813354492,0.6995900273323059,78.25399780273438
2011-08-09,61.39019775390625,0.7056800127029419,77.58499908447266
2011-08-10,58.604217529296875,0.6952599883079529,77.05000305175781
2011-08-11,61.22879409790039,0.7079799771308899,76.75900268554688
2011-08-12,63.02533721923828,0.7029200196266174,76.86000061035156
2011-08-15,64.12004852294922,0.7005699872970581,76.81999969482422
2011-08-16,62.702510833740234,0.6926000118255615,76.83999633789062
2011-08-17,61.502464294433594,0.6945400238037109,76.75399780273438
2011-08-18,58.47789764404297,0.6930400133132935,76.5469970703125
2011-08-19,56.119972229003906,0.6981099843978882,76.63700103759766
2011-08-22,56.06382751464844,0.695930004119873,76.78600311279297
2011-08-23,58.232276916503906,0.6963300108909607,76.83200073242188
2011-08-24,59.93053436279297,0.6926599740982056,76.66000366210938
2011-08-25,58.42174530029297,0.6938499808311462,77.0530014038086
2011-08-26,59.762107849121094,0.6957499980926514,77.43499755859375
2011-08-29,61.86037063598633,0.6898900270462036,76.68199920654297
2011-08-30,63.039344787597656,0.6884999871253967,76.93299865722656
2011-08-31,63.86042404174805,0.6928499937057495,76.70099639892578
2011-09-01,62.14107131958008,0.6956700086593628,76.7300033569336
2011-09-02,59.916500091552734,0.7011600136756897,76.86000061035156
2011-09-05,,0.7063300013542175,76.9020004272461
2011-09-06,60.14105224609375,0.711080014705658,76.9020004272461
2011-09-07,62.2393684387207,0.7141199707984924,77.61799621582031
2011-09-08,61.081424713134766,0.7099400162696838,77.3010025024414
2011-09-09,58.91999053955078,0.7192100286483765,77.50800323486328
2011-09-12,58.856842041015625,0.7352499961853027,77.46299743652344
2011-09-13,59.66387176513672,0.7320500016212463,77.18000030517578
2011-09-14,59.96562957763672,0.7306699752807617,76.93199920654297
2011-09-15,60.77264404296875,0.7274799942970276,76.677001953125
2011-09-16,60.281436920166016,0.7210299968719482,76.73400115966797
2011-09-19,59.369117736816406,0.7298499941825867,76.91000366210938
2011-09-20,58.70948028564453,0.7349900007247925,76.59600067138672
2011-09-21,55.69189453125,0.7302500009536743,76.46299743652344
2011-09-22,51.86027145385742,0.736050009727478,76.53800201416016
2011-09-23,51.83220291137695,0.7417899966239929,76.30599975585938
2011-09-26,53.93048095703125,0.7381700277328491,76.54000091552734
2011-09-27,54.505916595458984,0.7397500276565552,76.33599853515625
2011-09-28,52.688350677490234,0.7362499833106995,76.80799865722656
2011-09-29,52.9058952331543,0.7386800050735474,76.54000091552734
2011-09-30,51.81814956665039,0.7360600233078003,76.76499938964844
2011-10-03,49.509368896484375,0.748449981212616,77.19000244140625
2011-10-04,50.905879974365234,0.757860004901886,76.59200286865234
2011-10-05,52.11289978027344,0.7501800060272217,76.76000213623047
2011-10-06,54.0988883972168,0.7496299743652344,76.78199768066406
2011-10-07,52.99711608886719,0.7446600198745728,76.65799713134766
2011-10-10,55.530487060546875,0.7470499873161316,76.7699966430664
2011-10-11,56.604190826416016,0.7333800196647644,76.66000366210938
2011-10-12,57.3339958190918,0.7328299880027771,76.66699981689453
2011-10-13,57.15156555175781,0.725059986114502,77.18000030517578
2011-10-14,59.011226654052734,0.7280399799346924,76.87999725341797
2011-10-17,57.207698822021484,0.7205100059509277,77.22000122070312
2011-10-18,59.45333480834961,0.727590024471283,76.83100128173828
2011-10-19,58.6392936706543,0.7278000116348267,76.7770004272461
2011-10-20,59.45783996582031,0.7264800071716309,76.80000305175781
2011-10-21,61.666526794433594,0.7257400155067444,76.86000061035156
2011-10-24,64.75724792480469,0.7221400141716003,76.20999908447266
2011-10-25,63.430641174316406,0.7182700037956238,76.13200378417969
2011-10-26,64.61614990234375,0.7191900014877319,76.10900115966797
2011-10-27,67.97502899169922,0.7206199765205383,76.18399810791016
2011-10-28,68.3419418334961,0.70551997423172,75.93000030517578
2011-10-31,66.65546417236328,0.7072100043296814,75.73999786376953
2011-11-01,64.65847778320312,0.7214999794960022,78.30799865722656
2011-11-02,66.28849029541016,0.7322800159454346,78.30599975585938
2011-11-03,67.74215698242188,0.730459988117218,78.13899993896484
2011-11-04,67.55868530273438,0.7230700254440308,78.0530014038086
2011-11-07,67.0364990234375,0.7251999974250793,78.12999725341797
2011-11-08,67.66453552246094,0.7267400026321411,78.0770034790039
2011-11-09,64.66553497314453,0.7232499718666077,77.70800018310547
2011-11-10,65.0606918334961,0.7392799854278564,77.75800323486328
2011-11-11,67.83386993408203,0.734749972820282,77.6520004272461
2011-11-14,68.11612701416016,0.7253199815750122,77.15599822998047
2011-11-15,68.4971694946289,0.7339900135993958,77.0790023803711
2011-11-16,67.56572723388672,0.7403500080108643,77.05999755859375
2011-11-17,66.1967544555664,0.7439900040626526,77.06099700927734
2011-11-18,66.28145599365234,0.7430499792098999,76.95800018310547
2011-11-21,64.2985610961914,0.7390999794006348,76.83899688720703
2011-11-22,63.501197814941406,0.741599977016449,76.9000015258789
2011-11-23,61.92762756347656,0.7395399808883667,76.97000122070312
2011-11-24,,0.7489500045776367,77.27200317382812
2011-11-25,61.1937370300293,0.7501299977302551,77.16600036621094
2011-11-28,64.55261993408203,0.7511199712753296,77.66699981689453
2011-11-29,63.88931655883789,0.7509199976921082,78.08100128173828
2011-11-30,69.06877136230469,0.7505199909210205,77.95999908447266
2011-12-01,68.32079315185547,0.7438300251960754,77.58300018310547
2011-12-02,67.94676971435547,0.7425600290298462,77.75
2011-12-05,68.3419418334961,0.7452099919319153,78.08000183105469
2011-12-06,67.71391296386719,0.7470099925994873,77.81199645996094
2011-12-07,66.95887756347656,0.7455999851226807,77.75
2011-12-08,65.56874084472656,0.7460600137710571,77.6729965209961
2011-12-09,67.72096252441406,0.7493199706077576,77.68000030517578
2011-12-12,65.79454803466797,0.7478500008583069,77.61199951171875
2011-12-13,64.19981384277344,0.7592399716377258,77.93900299072266
2011-12-14,61.391300201416016,0.7681000232696533,77.96099853515625
2011-12-15,61.88527297973633,0.7699400186538696,78.10800170898438
2011-12-16,61.53244400024414,0.7674800157546997,77.83999633789062
2011-12-19,61.56772994995117,0.76705002784729,77.80999755859375
2011-12-20,64.72903442382812,0.7687699794769287,78.01000213623047
2011-12-21,64.65847778320312,0.7640600204467773,77.83999633789062
2011-12-22,64.78547668457031,0.7668700218200684,78.06999969482422
2011-12-23,65.09595489501953,0.7659299969673157,78.16000366210938
2011-12-26,,0.7665799856185913,78.08000183105469
2011-12-27,64.60200500488281,0.7662500143051147,78.02999877929688
2011-12-28,63.06369400024414,0.764989972114563,77.87000274658203
2011-12-29,63.917572021484375,0.7735599875450134,77.94599914550781
2011-12-30,63.93163299560547,0.77183997631073,77.65899658203125
2012-01-02,,0.7716000080108643,77.0199966430664
2012-01-03,66.31672668457031,0.7727400064468384,76.93000030517578
2012-01-04,66.93063354492188,0.7659299969673157,76.72200012207031
2012-01-05,67.40345001220703,0.7733100056648254,76.70999908447266
2012-01-06,67.57279205322266,0.7814900279045105,77.1510009765625
2012-01-09,68.51834106445312,0.7886199951171875,76.91000366210938
2012-01-10,70.53650665283203,0.7827200293540955,76.86000061035156
2012-01-11,70.31070709228516,0.7842000126838684,76.8499984741211
2012-01-12,71.9336929321289,0.7859200239181519,76.85800170898438
2012-01-13,72.31475067138672,0.7799999713897705,76.77899932861328
2012-01-16,,0.7907000184059143,76.91000366210938
2012-01-17,72.9427719116211,0.7894499897956848,76.81999969482422
2012-01-18,73.89965057373047,0.7845600247383118,76.81999969482422
2012-01-19,74.95572662353516,0.777239978313446,76.76699829101562
2012-01-20,74.8778076171875,0.7713099718093872,77.08000183105469
2012-01-23,75.39520263671875,0.7761099934577942,76.95999908447266
2012-01-24,75.33849334716797,0.7676399946212769,77.0
2012-01-25,77.2947998046875,0.7668099999427795,77.68699645996094
2012-01-26,78.89668273925781,0.7629299759864807,77.7699966430664
2012-01-27,78.87542724609375,0.7637799978256226,77.45999908447266
2012-01-30,78.25878143310547,0.7571200132369995,76.73200225830078
2012-01-31,77.34441375732422,0.7610599994659424,76.36000061035156
2012-02-01,78.33673095703125,0.7646999955177307,76.2699966430664
2012-02-02,78.20206451416016,0.7592999935150146,76.18900299072266
2012-02-03,80.76087188720703,0.7612000107765198,76.18000030517578
2012-02-06,80.64741516113281,0.7617800235748291,76.5510025024414
2012-02-07,80.66870880126953,0.7620999813079834,76.55000305175781
2012-02-08,80.83174896240234,0.754800021648407,76.79000091552734
2012-02-09,79.97405242919922,0.754800021648407,77.05999755859375
2012-02-10,79.20858001708984,0.7530999779701233,77.63200378417969
2012-02-13,80.59075164794922,0.7554699778556824,77.69999694824219
2012-02-14,81.122314453125,0.7599999904632568,77.51000213623047
2012-02-15,79.76143646240234,0.7613999843597412,78.36000061035156
2012-02-16,80.7750244140625,0.7658100128173828,78.4800033569336
2012-02-17,80.76795196533203,0.7617999911308289,78.8239974975586
2012-02-20,,0.7560200095176697,79.78800201416016
2012-02-21,81.51215362548828,0.7573000192642212,79.58599853515625
2012-02-22,82.08628845214844,0.7551000118255615,79.83000183105469
2012-02-23,82.36274719238281,0.7543900012969971,80.27999877929688
2012-02-24,82.22098541259766,0.7477399706840515,79.93000030517578
2012-02-27,81.95870971679688,0.7425500154495239,81.47100067138672
2012-02-28,82.05086517333984,0.7458999752998352,80.46399688720703
2012-02-29,80.95220947265625,0.7419499754905701,80.4800033569336
2012-03-01,80.37100219726562,0.7506999969482422,81.2760009765625
2012-03-02,79.73308563232422,0.7505999803543091,81.12000274658203
2012-03-05,78.031982421875,0.7583699822425842,81.62699890136719
2012-03-06,75.08334350585938,0.7560999989509583,81.51799774169922
2012-03-07,76.7490463256836,0.7620000243186951,80.66000366210938
2012-03-08,78.16661071777344,0.7610399723052979,81.33799743652344
2012-03-09,78.12410736083984,0.7533000111579895,81.58000183105469
2012-03-12,77.21682739257812,0.761900007724762,82.37300109863281
2012-03-13,80.3072280883789,0.7594000101089478,82.36299896240234
2012-03-14,79.57711029052734,0.7645000219345093,82.95999908447266
2012-03-15,80.41351318359375,0.7678999900817871,83.83999633789062
2012-03-16,80.50569152832031,0.7645999789237976,83.49199676513672
2012-03-19,80.61201477050781,0.7588899731636047,83.44999694824219
2012-03-20,78.50687408447266,0.7559000253677368,83.37000274658203
2012-03-21,77.25936889648438,0.7554200291633606,83.6500015258789
2012-03-22,75.437744140625,0.7565000057220459,83.2030029296875
2012-03-23,76.43008422851562,0.7573000192642212,82.51000213623047
2012-03-26,77.0821533203125,0.752839982509613,82.58899688720703
2012-03-27,76.59307861328125,0.7484999895095825,82.98699951171875
2012-03-28,73.89965057373047,0.7502599954605103,83.0479965209961
2012-03-29,75.14713287353516,0.7504000067710876,82.83200073242188
2012-03-30,75.50151062011719,0.7511000037193298,82.27300262451172
2012-04-02,76.01896667480469,0.7486000061035156,82.87000274658203
2012-04-03,75.28177642822266,0.75,81.54000091552734
2012-04-04,75.31724548339844,0.7561299800872803,82.83000183105469
2012-04-05,75.04081726074219,0.7608000040054321,82.44000244140625
2012-04-06,,0.7653999924659729,82.2699966430664
2012-04-09,73.41058349609375,0.7645800113677979,81.33000183105469
2012-04-10,71.1849365234375,0.7627000212669373,81.64299774169922
2012-04-11,72.12055969238281,0.7649000287055969,80.69400024414062
2012-04-12,75.44483947753906,0.7621999979019165,81.00800323486328
2012-04-13,75.05500793457031,0.7581999897956848,80.93000030517578
2012-04-16,75.65747833251953,0.7659000158309937,80.9020004272461
2012-04-17,76.84117889404297,0.7617999911308289,80.38099670410156
2012-04-18,77.408203125,0.7613000273704529,81.05999755859375
2012-04-19,76.41886138916016,0.7621999979019165,81.30000305175781
2012-04-20,76.68220520019531,0.760699987411499,81.60900115966797
2012-04-23,76.09139251708984,0.7573000192642212,81.5999984741211
2012-04-24,77.15908813476562,0.7603399753570557,81.08000183105469
2012-04-25,73.62855529785156,0.7577000260353088,81.38999938964844
2012-04-26,74.30475616455078,0.7556999921798706,81.30000305175781
2012-04-27,74.42574310302734,0.7580999732017517,81.05799865722656
2012-04-30,73.15164184570312,0.7552000284194946,80.3499984741211
2012-05-01,72.6818618774414,0.755299985408783,79.9209976196289
2012-05-02,73.05199432373047,0.755299985408783,80.20999908447266
2012-05-03,71.65684509277344,0.7605999708175659,80.12100219726562
2012-05-04,70.0695571899414,0.7601000070571899,80.20999908447266
2012-05-07,69.17980194091797,0.7709900140762329,79.81800079345703
2012-05-08,68.68154907226562,0.7656000256538391,79.91999816894531
2012-05-09,68.32562255859375,0.7695000171661377,79.86000061035156
2012-05-10,67.93416595458984,0.7730000019073486,79.70999908447266
2012-05-11,67.97684478759766,0.7731000185012817,79.86900329589844
2012-05-14,66.62445068359375,0.7752000093460083,80.02999877929688
2012-05-15,65.9696273803711,0.7792999744415283,79.8499984741211
2012-05-16,65.38593292236328,0.7851999998092651,80.32499694824219
2012-05-17,62.496002197265625,0.7854999899864197,80.3499984741211
2012-05-18,63.122379302978516,0.7875000238418579,79.40799713134766
2012-05-21,65.47132873535156,0.7828999757766724,79.16999816894531
2012-05-22,65.12254333496094,0.7806000113487244,79.41000366210938
2012-05-23,65.82011413574219,0.7896000146865845,80.00399780273438
2012-05-24,65.07271575927734,0.7961000204086304,79.41999816894531
2012-05-25,64.01927185058594,0.7976999878883362,79.66000366210938
2012-05-28,,0.7955999970436096,79.58999633789062
2012-05-29,65.85572052001953,0.7983999848365784,79.56099700927734
2012-05-30,64.19011688232422,0.8014000058174133,79.5
2012-05-31,62.367897033691406,0.8080999851226807,78.98200225830078
2012-06-01,60.873104095458984,0.808899998664856,78.52799987792969
2012-06-04,59.26445007324219,0.8062999844551086,78.0999984741211
2012-06-05,59.542030334472656,0.7993999719619751,78.36100006103516
2012-06-06,61.684539794921875,0.8023999929428101,78.7300033569336
2012-06-07,62.026241302490234,0.7953000068664551,79.2699966430664
2012-06-08,62.353633880615234,0.7954999804496765,79.69000244140625
2012-06-11,60.638214111328125,0.7907999753952026,79.55999755859375
2012-06-12,61.96215057373047,0.8014000058174133,79.30699920654297
2012-06-13,60.70939636230469,0.7997000217437744,79.5270004272461
2012-06-14,61.1364631652832,0.7953000068664551,79.37200164794922
2012-06-15,61.876739501953125,0.7918999791145325,79.4219970703125
2012-06-18,61.74150466918945,0.7871000170707703,79.052001953125
2012-06-19,63.236297607421875,0.7937999963760376,79.0
2012-06-20,62.04757308959961,0.7886000275611877,79.03399658203125
2012-06-21,60.488739013671875,0.7886000275611877,79.4209976196289
2012-06-22,60.47450256347656,0.7967000007629395,80.0199966430664
2012-06-25,59.001075744628906,0.7975999712944031,80.55999755859375
2012-06-26,58.88718795776367,0.7997000217437744,79.6500015258789
2012-06-27,58.545528411865234,0.8008000254631042,79.45999908447266
2012-06-28,58.81601333618164,0.8016999959945679,79.68499755859375
2012-06-29,60.43892288208008,0.8037999868392944,79.31300354003906
2012-07-02,59.56342315673828,0.7901899814605713,79.83899688720703
2012-07-03,61.54219436645508,0.7947999835014343,79.44000244140625
2012-07-04,,0.7932999730110168,79.83999633789062
2012-07-05,61.777099609375,0.7989599704742432,79.94000244140625
2012-07-06,60.22539138793945,0.8069999814033508,79.86000061035156
2012-07-09,59.17900848388672,0.8148999810218811,79.47799682617188
2012-07-10,57.13616943359375,0.8118000030517578,79.55799865722656
2012-07-11,56.758888244628906,0.8159000277519226,79.3499984741211
2012-07-12,56.68771743774414,0.816510021686554,79.61000061035156
2012-07-13,58.41738510131836,0.8201599717140198,79.30999755859375
2012-07-16,57.76253890991211,0.8163999915122986,79.16999816894531
2012-07-17,58.30348587036133,0.8151000142097473,78.81999969482422
2012-07-18,59.11296463012695,0.8133000135421753,79.09600067138672
2012-07-19,59.19178009033203,0.8144999742507935,78.79900360107422
2012-07-20,57.98833465576172,0.8145400285720825,78.73999786376953
2012-07-23,58.43962097167969,0.8245999813079834,78.44999694824219
2012-07-24,58.3321647644043,0.8248000144958496,78.31099700927734
2012-07-25,59.17029571533203,0.8290600180625916,78.10700225830078
2012-07-26,59.671722412109375,0.8237000107765198,78.10299682617188
2012-07-27,61.72049331665039,0.814300000667572,78.3239974975586
2012-07-30,61.383792877197266,0.8126999735832214,78.5
2012-07-31,60.32362365722656,0.8156999945640564,78.10099792480469
2012-08-01,59.206111907958984,0.8133999705314636,78.12000274658203
2012-08-02,59.54277801513672,0.8169000148773193,78.37999725341797
2012-08-03,60.903839111328125,0.8209999799728394,78.22000122070312
2012-08-06,61.85661315917969,0.8046000003814697,78.61000061035156
2012-08-07,62.47981643676758,0.8070999979972839,78.19999694824219
2012-08-08,62.47981643676758,0.8072999715805054,78.61000061035156
2012-08-09,63.325103759765625,0.8081899881362915,78.4000015258789
2012-08-10,63.711910247802734,0.8133999705314636,78.61000061035156
2012-08-13,63.47555923461914,0.814520001411438,78.25
2012-08-14,62.94544219970703,0.8112000226974487,78.33000183105469
2012-08-15,62.75919723510742,0.8112999796867371,78.81500244140625
2012-08-16,63.461212158203125,0.8137000203132629,78.98999786376953
2012-08-17,64.47843170166016,0.8091999888420105,79.25
2012-08-20,64.78646087646484,0.8108599781990051,79.51000213623047
2012-08-21,64.67898559570312,0.809499979019165,79.33000183105469
2012-08-22,63.554344177246094,0.8015000224113464,79.24199676513672
2012-08-23,62.77350616455078,0.7978000044822693,78.53900146484375
2012-08-24,62.65890121459961,0.7961000204086304,78.5999984741211
2012-08-27,62.05715560913086,0.7997199892997742,78.7300033569336
2012-08-28,61.6130256652832,0.7998999953269958,78.75
2012-08-29,61.67035675048828,0.7954000234603882,78.56999969482422
2012-08-30,60.50984573364258,0.7979999780654907,78.72000122070312
2012-08-31,61.12592315673828,0.7993000149726868,78.52999877929688
2012-09-03,,0.7950999736785889,78.29000091552734
2012-09-04,59.213279724121094,0.7944999933242798,78.33899688720703
2012-09-05,59.27772521972656,0.7978000044822693,78.47000122070312
2012-09-06,60.739078521728516,0.7935000061988831,78.41999816894531
2012-09-07,63.11018753051758,0.7915999889373779,78.88999938964844
2012-09-10,62.39385986328125,0.781499981880188,78.21900177001953
2012-09-11,63.468379974365234,0.7835999727249146,78.22599792480469
2012-09-12,63.840904235839844,0.7781000137329102,77.75
2012-09-13,64.9583511352539,0.7749999761581421,77.83000183105469
2012-09-14,66.7420654296875,0.769599974155426,77.64800262451172
2012-09-17,65.89679718017578,0.7623999714851379,78.33300018310547
2012-09-18,66.67044067382812,0.7627699971199036,78.6729965209961
2012-09-19,67.29366302490234,0.7664999961853027,78.7699966430664
2012-09-20,66.29078674316406,0.7657999992370605,78.39700317382812
2012-09-21,65.703369140625,0.770799994468689,78.19999694824219
2012-09-24,65.0945053100586,0.7710999846458435,78.08000183105469
2012-09-25,62.32938003540039,0.7727000117301941,77.86399841308594
2012-09-26,62.28640365600586,0.775189995765686,77.72799682617188
2012-09-27,62.264930725097656,0.7763000130653381,77.697998046875
2012-09-28,61.63452911376953,0.774399995803833,77.61000061035156
2012-10-01,61.2261848449707,0.7807000279426575,77.95899963378906
2012-10-02,61.2261848449707,0.7759000062942505,78.04100036621094
2012-10-03,61.09010314941406,0.7742000222206116,78.21499633789062
2012-10-04,61.577213287353516,0.7738000154495239,78.41500091552734
2012-10-05,61.19755935668945,0.7681999802589417,78.48400115966797
2012-10-08,61.204715728759766,0.7682999968528748,78.7020034790039
2012-10-09,60.71044921875,0.7706000208854675,78.28600311279297
2012-10-10,59.571441650390625,0.7777000069618225,78.21900177001953
2012-10-11,59.34937286376953,0.7777000069618225,78.07499694824219
2012-10-12,59.3278923034668,0.7731999754905701,78.4020004272461
2012-10-15,59.320743560791016,0.772599995136261,78.46800231933594
2012-10-16,60.86086654663086,0.7710999846458435,78.78900146484375
2012-10-17,62.05715560913086,0.7628999948501587,78.82499694824219
2012-10-18,62.42470932006836,0.7623999714851379,79.05999755859375
2012-10-19,60.43565368652344,0.7651600241661072,79.30799865722656
2012-10-22,61.31486892700195,0.7678999900817871,79.25700378417969
2012-10-23,60.23387908935547,0.7651000022888184,79.98999786376953
2012-10-24,59.621299743652344,0.770799994468689,79.81999969482422
2012-10-25,60.19783401489258,0.7713000178337097,79.83799743652344
2012-10-26,60.71672439575195,0.7728999853134155,80.23500061035156
2012-10-29,,0.7737500071525574,79.6500015258789
2012-10-30,,0.7746999859809875,79.76399993896484
2012-10-31,61.12028503417969,0.7714499831199646,79.68399810791016
2012-11-01,63.1669921875,0.7713000178337097,79.86000061035156
2012-11-02,61.826541900634766,0.7723000049591064,80.22000122070312
2012-11-05,62.53280258178711,0.7795500159263611,80.5
2012-11-06,63.4769172668457,0.7810999751091003,80.16000366210938
2012-11-07,61.271644592285156,0.7807599902153015,80.29000091552734
2012-11-08,60.29154586791992,0.7836999893188477,79.97000122070312
2012-11-09,61.22119140625,0.784600019454956,79.47899627685547
2012-11-12,61.38693618774414,0.7859200239181519,79.45999908447266
2012-11-13,60.00325393676758,0.7868000268936157,79.5979995727539
2012-11-14,58.44662094116211,0.7868000268936157,79.45999908447266
2012-11-15,58.590728759765625,0.7853999733924866,80.19999694824219
2012-11-16,59.04475402832031,0.7821999788284302,81.12000274658203
2012-11-19,60.26272201538086,0.7837299704551697,81.5260009765625
2012-11-20,60.0536994934082,0.7831199765205383,81.3499984741211
2012-11-21,59.85191345214844,0.7803699970245361,81.75499725341797
2012-11-22,,0.7773000001907349,82.5739974975586
2012-11-23,60.65186309814453,0.7766900062561035,82.35900115966797
2012-11-26,61.00497055053711,0.7712500095367432,82.5459976196289
2012-11-27,60.54375076293945,0.7699999809265137,81.87300109863281
2012-11-28,61.213993072509766,0.7728999853134155,82.08000183105469
2012-11-29,62.158084869384766,0.7720000147819519,82.1500015258789
2012-11-30,61.430179595947266,0.770799994468689,82.1510009765625
2012-12-03,60.88968276977539,0.7694200277328491,82.45600128173828
2012-12-04,60.65186309814453,,82.13300323486328
2012-12-05,62.01392364501953,0.7634000182151794,81.81600189208984
2012-12-06,61.941864013671875,0.7651000022888184,82.43599700927734
2012-12-07,62.69136047363281,0.771399974822998,82.43000030517578
2012-12-10,62.864315032958984,0.7748299837112427,82.55999755859375
2012-12-11,62.9363899230957,0.7728999853134155,82.3499984741211
2012-12-12,63.3831901550293,0.7684500217437744,82.5199966430664
2012-12-13,63.67869567871094,0.7652999758720398,83.20999908447266
2012-12-14,64.13990783691406,0.7645999789237976,83.66699981689453
2012-12-17,64.60114288330078,0.7595400214195251,84.15799713134766
2012-12-18,65.41548919677734,0.7595999836921692,83.90299987792969
2012-12-19,65.42992401123047,0.7558000087738037,84.36100006103516
2012-12-20,64.87179565429688,0.7566999793052673,84.22599792480469
2012-12-21,63.71206283569336,0.7554200291633606,84.41999816894531
2012-12-24,63.40765380859375,0.7586100101470947,84.41000366210938
2012-12-25,,0.7587000131607056,84.83999633789062
2012-12-26,63.54539108276367,0.7587000131607056,85.0
2012-12-27,63.53814697265625,0.7560999989509583,85.66799926757812
2012-12-28,62.922035217285156,0.7547000050544739,86.50700378417969
2012-12-31,64.95155334472656,0.7559900283813477,85.95999908447266
2013-01-01,,0.7574999928474426,86.72000122070312
2013-01-02,67.7711181640625,0.7577000260353088,86.5999984741211
2013-01-03,68.42344665527344,0.7585999965667725,87.2750015258789
2013-01-04,68.80035400390625,0.767300009727478,87.73999786376953
2013-01-07,69.01055908203125,0.7652599811553955,88.197998046875
2013-01-08,68.13349914550781,0.761900007724762,87.25299835205078
2013-01-09,68.45244598388672,0.7643899917602539,86.86799621582031
2013-01-10,68.91633605957031,0.765999972820282,88.13300323486328
2013-01-11,68.99605560302734,0.7534000277519226,89.24600219726562
2013-01-14,68.59016418457031,0.7483900189399719,89.52300262451172
2013-01-15,69.34397888183594,0.7475000023841858,89.45999908447266
2013-01-16,68.99605560302734,0.7513999938964844,88.75
2013-01-17,69.36573028564453,0.7523999810218811,88.62999725341797
2013-01-18,70.75740814208984,0.7477999925613403,89.82099914550781
2013-01-21,,0.7507500052452087,90.18099975585938
2013-01-22,70.8298568725586,0.751230001449585,89.5999984741211
2013-01-23,70.19924926757812,0.7510899901390076,88.52899932861328
2013-01-24,70.01805877685547,0.7513999938964844,88.58000183105469
2013-01-25,69.27873229980469,0.747979998588562,90.55799865722656
2013-01-28,70.63416290283203,0.742609977722168,91.17900085449219
2013-01-29,71.46772766113281,0.7437000274658203,90.45999908447266
2013-01-30,71.50396728515625,0.7411999702453613,90.79000091552734
2013-01-31,71.31549072265625,0.7370100021362305,91.02100372314453
2013-02-01,72.1128158569336,0.7347000241279602,91.70700073242188
2013-02-04,71.22126770019531,0.7326700091362,92.7699966430664
2013-02-05,71.35173034667969,0.7401000261306763,92.15299987792969
2013-02-06,70.81539154052734,0.736299991607666,93.56999969482422
2013-02-07,69.66290283203125,0.7394300103187561,93.43499755859375
2013-02-08,70.19924926757812,0.7468600273132324,93.63300323486328
2013-02-11,70.01805877685547,0.7480400204658508,92.53500366210938
2013-02-12,70.46744537353516,0.7460700273513794,94.19100189208984
2013-02-13,69.85860443115234,0.7433800101280212,93.30500030517578
2013-02-14,69.63394165039062,0.7437999844551086,93.25599670410156
2013-02-15,69.30047607421875,0.7488999962806702,92.95700073242188
2013-02-18,,0.7494000196456909,93.72200012207031
2013-02-19,69.29325103759766,0.7492200136184692,93.6500015258789
2013-02-20,67.5681381225586,0.7465000152587891,93.70800018310547
2013-02-21,66.34322357177734,0.7534000277519226,93.66000366210938
2013-02-22,66.35043334960938,0.7578999996185303,93.1500015258789
2013-02-25,64.62535095214844,0.7578099966049194,94.22000122070312
2013-02-26,65.19798278808594,0.7653999924659729,92.39700317382812
2013-02-27,66.86508178710938,0.7653499841690063,92.11000061035156
2013-02-28,66.95207214355469,0.7603999972343445,92.3030014038086
2013-03-01,66.21997833251953,0.7656999826431274,92.58200073242188
2013-03-04,65.05301666259766,0.7682300209999084,93.56400299072266
2013-03-05,65.38644409179688,0.7670999765396118,93.4010009765625
2013-03-06,64.97325134277344,0.7663699984550476,93.28900146484375
2013-03-07,64.98052978515625,0.7705000042915344,93.927001953125
2013-03-08,65.6038818359375,0.7627000212669373,94.9280014038086
2013-03-11,66.08951568603516,0.7699400186538696,96.16999816894531
2013-03-12,65.0457763671875,0.767300009727478,96.61900329589844
2013-03-13,64.71235656738281,0.7674999833106995,95.81999969482422
2013-03-14,64.29194641113281,0.7717000246047974,96.0199966430664
2013-03-15,64.38617706298828,0.7684999704360962,95.96199798583984
2013-03-18,64.77035522460938,0.775629997253418,94.88899993896484
2013-03-19,63.980281829833984,0.7724999785423279,95.34300231933594
2013-03-20,63.01626205444336,0.7773699760437012,95.05000305175781
2013-03-21,62.9365348815918,0.7727000117301941,95.95500183105469
2013-03-22,63.40765380859375,0.7749000191688538,94.91000366210938
2013-03-25,62.79880905151367,0.7678099870681763,94.8280029296875
2013-03-26,63.05975341796875,0.7777000069618225,93.96299743652344
2013-03-27,62.987266540527344,0.7775999903678894,94.63500213623047
2013-03-28,63.03799819946289,0.7825999855995178,94.31600189208984
2013-03-29,,0.7802799940109253,94.19000244140625
2013-04-01,62.07398223876953,0.7809000015258789,94.28199768066406
2013-04-02,61.52310562133789,0.7781999707221985,93.18000030517578
2013-04-03,60.972251892089844,0.7799999713897705,93.36199951171875
2013-04-04,61.34192657470703,0.7781999707221985,92.88899993896484
2013-04-05,61.3201789855957,0.7735000252723694,96.43699645996094
2013-04-08,61.02299499511719,0.7696999907493591,98.7509994506836
2013-04-09,62.2624397277832,0.7674999833106995,99.27999877929688
2013-04-10,62.74806213378906,0.7645099759101868,98.94999694824219
2013-04-11,62.11747360229492,0.76596999168396,99.66600036621094
2013-04-12,61.64633560180664,0.762499988079071,99.62100219726562
2013-04-15,59.631324768066406,0.7634000182151794,98.40599822998047
2013-04-16,59.877769470214844,0.7660099864006042,96.80000305175781
2013-04-17,59.05146789550781,0.7588000297546387,97.61000061035156
2013-04-18,58.69404983520508,0.7671700119972229,98.02899932861328
2013-04-19,58.67215347290039,0.7660999894142151,98.2030029296875
2013-04-22,60.335350036621094,0.7659500241279602,99.7969970703125
2013-04-23,61.349334716796875,0.7656000256538391,99.16000366210938
2013-04-24,61.11589050292969,0.7695599794387817,99.677001953125
2013-04-25,61.648441314697266,0.7681999802589417,99.41999816894531
2013-04-26,61.772438049316406,0.7688000202178955,99.34200286865234
2013-04-29,61.859954833984375,0.7667199969291687,97.84200286865234
2013-04-30,61.7651252746582,0.7635999917984009,97.86399841308594
2013-05-01,60.60527801513672,0.7594000101089478,97.26899719238281
2013-05-02,61.46604919433594,0.7585999965667725,97.13200378417969
2013-05-03,63.45022201538086,0.7653999924659729,97.94599914550781
2013-05-06,63.89521026611328,0.7620000243186951,99.0999984741211
2013-05-07,65.50006866455078,0.7651000022888184,99.34400177001953
2013-05-08,65.87940216064453,0.7646999955177307,98.7760009765625
2013-05-09,65.6167984008789,0.7598000168800354,98.87799835205078
2013-05-10,64.64659881591797,0.7671999931335449,100.76499938964844
2013-05-13,64.24537658691406,0.7712900042533875,101.9229965209961
2013-05-14,63.866050720214844,0.7699400186538696,101.66699981689453
2013-05-15,63.4648323059082,0.7729700207710266,102.20999908447266
2013-05-16,63.304351806640625,0.7762500047683716,102.25800323486328
2013-05-17,63.95357894897461,0.776199996471405,102.13500213623047
2013-05-20,64.43502044677734,0.7790799736976624,102.70099639892578
2013-05-21,64.26724243164062,0.7757300138473511,102.16600036621094
2013-05-22,63.97545623779297,0.7740499973297119,102.44200134277344
2013-05-23,63.42835998535156,0.778689980506897,103.1760025024414
2013-05-24,62.88854217529297,0.7736899852752686,102.41000366210938
2013-05-27,,0.7729300260543823,101.06099700927734
2013-05-28,62.87395477294922,0.7731599807739258,101.1050033569336
2013-05-29,63.092769622802734,0.7784299850463867,102.44599914550781
2013-05-30,63.03445053100586,0.7723299860954285,100.91600036621094
2013-05-31,62.58945083618164,0.7666400074958801,101.0999984741211
2013-06-03,62.830162048339844,0.7694399952888489,100.47599792480469
2013-06-04,62.676998138427734,0.7649400234222412,99.73799896240234
2013-06-05,61.5827522277832,0.7649099826812744,100.25
2013-06-06,61.27639389038086,0.7637500166893005,98.9520034790039
2013-06-07,61.750526428222656,0.7549700140953064,97.3270034790039
2013-06-10,61.13047409057617,0.7562000155448914,98.23799896240234
2013-06-11,60.92622756958008,0.7562000155448914,98.8489990234375
2013-06-12,60.700103759765625,0.7562000155448914,96.10199737548828
2013-06-13,62.10799026489258,0.7496500015258789,95.92900085449219
2013-06-14,61.181556701660156,0.7480599880218506,95.49400329589844
2013-06-17,61.218013763427734,0.7491400241851807,94.24199676513672
2013-06-18,61.67761993408203,0.7483299970626831,94.68000030517578
2013-06-19,61.45875930786133,0.7468299865722656,95.51699829101562
2013-06-20,60.69279098510742,0.7523400187492371,96.58999633789062
2013-06-21,60.634456634521484,0.7555400133132935,97.14099884033203
2013-06-24,59.467254638671875,0.7630500197410583,98.4229965209961
2013-06-25,60.05813980102539,0.7614799737930298,97.53099822998047
2013-06-26,59.89036178588867,0.7645400166511536,98.14700317382812
2013-06-27,60.51771926879883,0.7684400081634521,97.7699966430664
2013-06-28,60.17488098144531,0.7671099901199341,98.47599792480469
2013-07-01,60.3426399230957,0.7684000134468079,99.37999725341797
2013-07-02,60.16756820678711,0.765250027179718,99.65699768066406
2013-07-03,59.70800018310547,0.7704799771308899,100.73300170898438
2013-07-04,,0.768589973449707,99.95600128173828
2013-07-05,59.9195556640625,0.7747300267219543,100.22000122070312
2013-07-08,60.69279098510742,0.77947998046875,101.38600158691406
2013-07-09,62.24658203125,0.7769399881362915,100.8499984741211
2013-07-10,61.97666931152344,0.7823600172996521,101.15299987792969
2013-07-11,63.24596405029297,0.7582799792289734,98.5510025024414
2013-07-12,63.588829040527344,0.7634900212287903,99.04000091552734
2013-07-15,63.75660705566406,0.7656999826431274,99.1969985961914
2013-07-16,64.31830596923828,0.7657700181007385,99.94599914550781
2013-07-17,63.22409439086914,0.7603899836540222,99.16000366210938
2013-07-18,62.96702194213867,0.7623699903488159,99.66000366210938
2013-07-19,62.91557693481445,0.7627400159835815,100.52200317382812
2013-07-22,63.172672271728516,0.759880006313324,100.38899993896484
2013-07-23,62.820068359375,0.7581300139427185,99.3239974975586
2013-07-24,61.292198181152344,0.7562400102615356,99.49700164794922
2013-07-25,60.337242126464844,0.7580999732017517,100.4520034790039
2013-07-26,60.27849578857422,0.7533400058746338,99.2750015258789
2013-07-29,60.98369216918945,0.752590000629425,97.95999908447266
2013-07-30,61.10856628417969,0.7539399862289429,98.04299926757812
2013-07-31,60.90285110473633,0.7538700103759766,98.01599884033203
2013-08-01,62.026756286621094,0.751800000667572,97.83300018310547
2013-08-02,61.92390060424805,0.7568899989128113,99.41999816894531
2013-08-05,61.380332946777344,0.7530699968338013,98.93499755859375
2013-08-06,60.62372970581055,0.754289984703064,98.23200225830078
2013-08-07,60.550296783447266,0.7514200210571289,97.30799865722656
2013-08-08,61.67414855957031,0.7495700120925903,96.56999969482422
2013-08-09,62.07820510864258,0.7473800182342529,96.73999786376953
2013-08-12,63.40773391723633,0.7496600151062012,96.04399871826172
2013-08-13,63.59137725830078,0.7522799968719482,97.19999694824219
2013-08-14,63.04045104980469,0.7538300156593323,98.15299987792969
2013-08-15,63.06983947753906,0.7539100050926208,97.85299682617188
2013-08-16,62.555625915527344,0.7488399744033813,97.05500030517578
2013-08-19,61.85043716430664,0.7502400279045105,97.66699981689453
2013-08-20,61.600704193115234,0.749970018863678,97.5790023803711
2013-08-21,60.92491912841797,0.7451000213623047,97.30999755859375
2013-08-22,61.82841873168945,0.749459981918335,97.80999755859375
2013-08-23,61.622745513916016,0.7487800121307373,98.87899780273438
2013-08-26,61.380332946777344,0.7470200061798096,98.70500183105469
2013-08-27,60.748600006103516,0.7474300265312195,98.25800323486328
2013-08-28,60.56496047973633,0.7467100024223328,96.89199829101562
2013-08-29,60.62372970581055,0.7499099969863892,97.72799682617188
2013-08-30,60.631080627441406,0.7555000185966492,98.29199981689453
2013-09-02,,0.757099986076355,98.38500213623047
2013-09-03,60.60905456542969,0.7581499814987183,99.56999969482422
2013-09-04,61.365638732910156,0.7590699791908264,99.55400085449219
2013-09-05,60.93224334716797,0.7575399875640869,99.72799682617188
2013-09-06,61.25545883178711,0.7622900009155273,100.11599731445312
2013-09-09,62.87150573730469,0.7590600252151489,99.97699737548828
2013-09-10,63.620758056640625,0.7542600035667419,99.71900177001953
2013-09-11,64.00273132324219,0.753790020942688,100.28500366210938
2013-09-12,63.78971481323242,0.7509999871253967,99.83000183105469
2013-09-13,63.91459274291992,0.7519400119781494,99.5780029296875
2013-09-16,64.03947448730469,0.7485399842262268,99.01499938964844
2013-09-17,63.95866775512695,0.7497400045394897,99.06999969482422
2013-09-18,64.52426147460938,0.7486199736595154,99.12799835205078
2013-09-19,64.45816802978516,0.7394800186157227,98.20999908447266
2013-09-20,62.25447082519531,0.7388700246810913,99.38999938964844
2013-09-23,62.46015167236328,0.7388499975204468,99.2770004272461
2013-09-24,62.51893615722656,0.7408000230789185,98.73999786376953
2013-09-25,62.07081604003906,0.7422900199890137,98.74500274658203
2013-09-26,61.85043716430664,0.7398099899291992,98.43499755859375
2013-09-27,61.55662155151367,0.7415000200271606,98.90499877929688
2013-09-30,61.262794494628906,0.7409899830818176,97.8270034790039
2013-10-01,61.52727508544922,0.739359974861145,98.4000015258789
2013-10-02,61.75496292114258,0.7394599914550781,97.9260025024414
2013-10-03,61.681495666503906,0.7357800006866455,97.30000305175781
2013-10-04,61.85043716430664,0.7339900135993958,97.25900268554688
2013-10-07,61.358314514160156,0.7369199991226196,97.29000091552734
2013-10-08,60.85880661010742,,
2013-10-09,61.3509635925293,0.7354000210762024,96.9010009765625
2013-10-10,62.23976135253906,0.7396299839019775,97.47899627685547
2013-10-11,62.88619613647461,0.7392799854278564,98.18499755859375
2013-10-14,63.3489875793457,0.7376400232315063,98.31400299072266
2013-10-15,62.98904800415039,0.7375400066375732,98.6500015258789
2013-10-16,63.37101364135742,0.739549994468689,98.54399871826172
2013-10-17,63.50414276123047,0.7395099997520447,98.94000244140625
2013-10-18,64.60630798339844,0.731689989566803,97.98999786376953
2013-10-21,64.87263488769531,0.7308899760246277,97.927001953125
2013-10-22,65.95999908447266,0.7312099933624268,98.19400024414062
2013-10-23,61.958152770996094,0.7257699966430664,98.13300323486328
2013-10-24,62.52773666381836,0.7256399989128113,97.41999816894531
2013-10-25,62.70528030395508,0.7244300246238708,97.38500213623047
2013-10-28,62.34280014038086,0.7243599891662598,97.56999969482422
2013-10-29,62.18747329711914,0.7251999974250793,97.62000274658203
2013-10-30,61.758445739746094,0.7276399731636047,98.19400024414062
2013-10-31,61.662288665771484,0.7286499738693237,98.50700378417969
2013-11-01,61.83242416381836,0.7363899946212769,98.32099914550781
2013-11-04,62.054325103759766,0.7410699725151062,98.69200134277344
2013-11-05,62.17267990112305,0.7398099899291992,98.62699890136719
2013-11-06,62.29842758178711,0.7422199845314026,98.45600128173828
2013-11-07,61.87678146362305,0.7397500276565552,98.6500015258789
2013-11-08,62.31322479248047,0.7457600235939026,98.1709976196289
2013-11-11,62.24665832519531,0.749180018901825,99.1989974975586
2013-11-12,62.024749755859375,0.7457500100135803,99.13800048828125
2013-11-13,62.28361892700195,0.7440500259399414,99.61699676513672
2013-11-14,61.958152770996094,0.7413100004196167,99.21800231933594
2013-11-15,61.94337844848633,0.7435500025749207,100.23999786376953
2013-11-18,62.16526412963867,0.7416200041770935,100.35399627685547
2013-11-19,61.891597747802734,0.7404999732971191,99.86299896240234
2013-11-20,61.15927505493164,0.737060010433197,100.18099975585938
2013-11-21,60.745025634765625,0.7443900108337402,100.20700073242188
2013-11-22,61.30723190307617,0.7422900199890137,101.31900024414062
2013-11-25,62.43159484863281,0.7378799915313721,101.29000091552734
2013-11-26,62.4019889831543,0.7392299771308899,101.3499984741211
2013-11-27,62.631290435791016,0.7370399832725525,101.23400115966797
2013-11-28,,0.7367200255393982,102.20999908447266
2013-11-29,62.57951354980469,0.7350800037384033,102.29199981689453
2013-12-02,62.320613861083984,0.7361000180244446,102.47100067138672
2013-12-03,62.03952407836914,0.7384399771690369,102.93299865722656
2013-12-04,62.113494873046875,0.73580002784729,102.35099792480469
2013-12-05,62.43895721435547,0.7360299825668335,102.40399932861328
2013-12-06,63.245269775390625,0.7315300107002258,101.74199676513672
2013-12-09,63.68166732788086,0.7295799851417542,103.13099670410156
2013-12-10,63.925785064697266,0.7277899980545044,103.26599884033203
2013-12-11,63.08251190185547,0.7265099883079529,102.7979965209961
2013-12-12,63.29703140258789,0.7253699898719788,102.50800323486328
2013-12-13,63.65211486816406,0.7272300124168396,103.54000091552734
2013-12-16,64.63589477539062,0.727840006351471,103.2699966430664
2013-12-17,64.29563903808594,0.7265899777412415,103.0270004272461
2013-12-18,65.22026824951172,0.7261499762535095,102.6240005493164
2013-12-19,64.75428009033203,0.7307299971580505,104.21299743652344
2013-12-20,65.78246307373047,0.7322900295257568,104.2760009765625
2013-12-23,66.54438018798828,0.7310799956321716,104.02999877929688
2013-12-24,67.24711608886719,0.7299299836158752,104.1760025024414
2013-12-25,,0.7308899760246277,104.30000305175781
2013-12-26,67.42462158203125,0.7316100001335144,104.52400207519531
2013-12-27,67.2175064086914,0.7301300168037415,104.87899780273438
2013-12-30,67.2175064086914,0.7272599935531616,105.31999969482422
2013-12-31,67.17312622070312,0.7241100072860718,104.93399810791016
2014-01-01,,0.7275400161743164,105.30000305175781
2014-01-02,66.47779846191406,0.72639000415802,105.3239974975586
2014-01-03,66.44078063964844,0.7317100167274475,104.83300018310547
2014-01-06,65.56793212890625,0.735509991645813,104.91200256347656
2014-01-07,65.78246307373047,0.7335699796676636,104.20999908447266
2014-01-08,65.93781280517578,0.7344099879264832,104.71199798583984
2014-01-09,66.35943603515625,0.736810028553009,104.84400177001953
2014-01-10,66.95121002197266,0.7349100112915039,104.83000183105469
2014-01-13,66.4925765991211,0.7314299941062927,103.9489974975586
2014-01-14,66.98819732666016,0.7315300107002258,103.11599731445312
2014-01-15,68.35665893554688,0.7316100001335144,104.17900085449219
2014-01-16,68.50557708740234,0.7353299856185913,104.57099914550781
2014-01-17,68.08119201660156,0.7343199849128723,104.29499816894531
2014-01-20,,0.7392299771308899,104.23799896240234
2014-01-21,67.45576477050781,0.7380599975585938,104.2249984741211
2014-01-22,66.74099731445312,0.7375100255012512,104.2229995727539
2014-01-23,65.87736511230469,0.7384300231933594,104.63500213623047
2014-01-24,64.15743255615234,0.7305099964141846,103.37000274658203
2014-01-27,67.96949005126953,0.7305700182914734,102.05000305175781
2014-01-28,68.84805297851562,0.7312800288200378,102.66100311279297
2014-01-29,67.47061157226562,0.7323300242424011,103.23100280761719
2014-01-30,69.3915786743164,0.7321400046348572,102.30000305175781
2014-01-31,69.92021179199219,0.737529993057251,102.75800323486328
2014-02-03,68.81082153320312,0.7413899898529053,102.19200134277344
2014-02-04,68.87040710449219,0.7393699884414673,101.14199829101562
2014-02-05,68.46832275390625,0.739870011806488,101.68900299072266
2014-02-06,69.86065673828125,0.7388200163841248,101.46600341796875
2014-02-07,70.63493347167969,0.7357199788093567,102.03900146484375
2014-02-10,70.35948944091797,0.734250009059906,102.52400207519531
2014-02-11,70.70197296142578,0.7328100204467773,102.13300323486328
2014-02-12,71.60285949707031,0.7331900000572205,102.5199966430664
2014-02-13,71.5582046508789,0.7358300089836121,102.46900177001953
2014-02-14,71.88578796386719,0.7310600280761719,102.18800354003906
2014-02-17,,0.7299299836158752,101.56400299072266
2014-02-18,71.89324188232422,0.7296900153160095,102.06199645996094
2014-02-19,71.63265991210938,0.726639986038208,102.33200073242188
2014-02-20,72.16128540039062,0.7283099889755249,102.31099700927734
2014-02-21,72.5931167602539,0.7287999987602234,102.31199645996094
2014-02-24,72.45909881591797,0.7279099822044373,102.51300048828125
2014-02-25,71.78160095214844,0.7280099987983704,102.48200225830078
2014-02-26,72.36973571777344,0.7274799942970276,102.1500015258789
2014-02-27,71.99748229980469,0.7308899760246277,102.29900360107422
2014-02-28,72.1985092163086,0.7295299768447876,102.11000061035156
2014-03-03,71.70710754394531,0.725849986076355,101.30500030517578
2014-03-04,72.2357406616211,0.7279599905014038,101.41200256347656
2014-03-05,71.75178527832031,0.7277399897575378,102.1780014038086
2014-03-06,72.66756439208984,0.7281100153923035,102.36699676513672
2014-03-07,72.25807189941406,0.721340000629425,103.03199768066406
2014-03-10,72.03469848632812,0.7205299735069275,103.19000244140625
2014-03-11,72.10173034667969,0.72052001953125,103.23600006103516
2014-03-12,72.08685302734375,0.7215999960899353,102.83999633789062
2014-03-13,71.18592834472656,0.7191900014877319,102.78299713134766
2014-03-14,71.0220947265625,0.7212200164794922,101.77999877929688
2014-03-17,71.23060607910156,0.71875,101.33000183105469
2014-03-18,71.78160095214844,0.7180500030517578,101.85900115966797
2014-03-19,71.50609588623047,0.7178300023078918,101.44000244140625
2014-03-20,71.63265991210938,0.7236300110816956,102.46800231933594
2014-03-21,72.51123046875,0.7255799770355225,102.40699768066406
2014-03-24,72.10918426513672,0.7248700261116028,102.24099731445312
2014-03-25,73.4046630859375,0.722599983215332,102.20700073242188
2014-03-26,72.81648254394531,0.7236400246620178,102.28500366210938
2014-03-27,73.30043029785156,0.7255799770355225,101.90299987792969
2014-03-28,74.00031280517578,0.7277299761772156,102.14700317382812
2014-03-31,73.98542022705078,0.7271599769592285,102.88899993896484
2014-04-01,74.31300354003906,0.7259500026702881,103.21399688720703
2014-04-02,76.41262817382812,0.7249100208282471,103.63300323486328
2014-04-03,76.35306549072266,0.7263100147247314,103.86699676513672
2014-04-04,76.07013702392578,0.728659987449646,103.89600372314453
2014-04-07,75.28092193603516,0.7297099828720093,103.31999969482422
2014-04-08,76.23394775390625,0.7276399731636047,103.06900024414062
2014-04-09,76.68067169189453,0.7249900102615356,101.95500183105469
2014-04-10,76.13715362548828,0.7217599749565125,102.10700225830078
2014-04-11,75.5340805053711,0.7201300263404846,101.37999725341797
2014-04-14,76.52430725097656,0.7222200036048889,101.44200134277344
2014-04-15,76.31584930419922,0.7237399816513062,101.90399932861328
2014-04-16,77.08724212646484,0.7240099906921387,101.87699890136719
2014-04-17,77.0123291015625,0.7232199907302856,102.20099639892578
2014-04-18,,0.7239999771118164,102.44300079345703
2014-04-21,76.87004852294922,0.7238399982452393,102.55999755859375
2014-04-22,77.65645599365234,0.7249000072479248,102.66999816894531
2014-04-23,77.42427825927734,0.7241100072860718,102.62100219726562
2014-04-24,78.84722137451172,0.7236300110816956,102.4800033569336
2014-04-25,78.40534973144531,0.7229599952697754,102.302001953125
2014-04-28,78.08330535888672,0.7225099802017212,102.1050033569336
2014-04-29,78.86222839355469,0.7218700051307678,102.51599884033203
2014-04-30,78.93709564208984,0.7239199876785278,102.56400299072266
2014-05-01,78.68992614746094,0.721019983291626,102.22000122070312
2014-05-02,78.64501190185547,0.7209299802780151,102.26599884033203
2014-05-05,78.27803802490234,0.7208399772644043,102.19999694824219
2014-05-06,77.7912368774414,0.7206699848175049,102.13999938964844
2014-05-07,78.35294342041016,0.7178400158882141,101.69300079345703
2014-05-08,78.59258270263672,0.7188199758529663,101.87200164794922
2014-05-09,78.68247985839844,0.722320020198822,101.59300231933594
2014-05-12,79.53621673583984,0.7267100214958191,101.9000015258789
2014-05-13,80.24771118164062,0.7269200086593628,102.18499755859375
2014-05-14,79.78338623046875,0.729420006275177,102.23200225830078
2014-05-15,78.63004302978516,0.7288600206375122,101.81500244140625
2014-05-16,79.4089126586914,0.7290499806404114,101.4990005493164
2014-05-19,78.92961120605469,0.7297499775886536,101.54199981689453
2014-05-20,76.06119537353516,0.7291899919509888,101.5
2014-05-21,77.04979705810547,0.7297099828720093,101.26200103759766
2014-05-22,77.1995849609375,0.73089998960495,101.41999816894531
2014-05-23,77.91104888916016,0.7323600053787231,101.76499938964844
2014-05-26,,0.733739972114563,101.96199798583984
2014-05-27,77.64895629882812,0.7325299978256226,101.89399719238281
2014-05-28,77.07225799560547,0.733299970626831,101.97699737548828
2014-05-29,77.5890121459961,0.7356500029563904,101.7300033569336
2014-05-30,76.56299591064453,0.7350500226020813,101.72000122070312
2014-06-02,77.70885467529297,0.733780026435852,101.8759994506836
2014-06-03,78.25558471679688,0.7353500127792358,102.41999816894531
2014-06-04,78.12077331542969,0.7341600060462952,102.54000091552734
2014-06-05,80.10541534423828,0.735069990158081,102.68099975585938
2014-06-06,81.01911163330078,0.7319599986076355,102.4229965209961
2014-06-09,81.4460220336914,0.7329800128936768,102.4800033569336
2014-06-10,81.86541748046875,0.7356899976730347,102.4800033569336
2014-06-11,81.40106964111328,0.7384999990463257,102.31400299072266
2014-06-12,79.87322998046875,0.7387099862098694,102.0
2014-06-13,79.9631118774414,0.7377600073814392,101.69999694824219
2014-06-16,79.99308776855469,0.7386599779129028,101.96700286865234
2014-06-17,79.88822937011719,0.7365300059318542,101.87000274658203
2014-06-18,80.494873046875,0.7381200194358826,102.17400360107422
2014-06-19,80.32259368896484,0.73580002784729,101.88999938964844
2014-06-20,81.91783905029297,0.7346799969673157,101.93000030517578
2014-06-23,81.46847534179688,0.7356699705123901,102.06600189208984
2014-06-24,80.74200439453125,0.7351899743080139,101.87000274658203
2014-06-25,81.2138442993164,0.7349799871444702,101.91000366210938
2014-06-26,81.27375793457031,0.7337300181388855,101.80000305175781
2014-06-27,81.46847534179688,0.7345899939537048,101.63700103759766
2014-06-30,81.38609313964844,0.7329000234603882,101.44300079345703
2014-07-01,81.76054382324219,0.7302700281143188,101.29000091552734
2014-07-02,82.05262756347656,0.7309499979019165,101.54000091552734
2014-07-03,83.1910171508789,0.7324399948120117,101.83000183105469
2014-07-04,,0.734749972820282,102.18000030517578
2014-07-07,82.50200653076172,0.7359200119972229,102.11000061035156
2014-07-08,81.97773742675781,0.7349600195884705,101.80000305175781
2014-07-09,82.48702239990234,0.7343699932098389,101.45999908447266
2014-07-10,81.90284729003906,0.7329800128936768,101.53500366210938
2014-07-11,82.35220336914062,0.7350199818611145,101.28299713134766
2014-07-14,82.4495620727539,0.7350900173187256,101.37000274658203
2014-07-15,82.26982116699219,0.7341200113296509,101.5199966430664
2014-07-16,83.43064880371094,0.736810028553009,101.66000366210938
2014-07-17,82.20219421386719,0.7390999794006348,101.62999725341797
2014-07-18,83.0312271118164,0.7397099733352661,101.2300033569336
2014-07-21,83.07643127441406,0.7389799952507019,101.33999633789062
2014-07-22,82.94831848144531,0.7392600178718567,101.4000015258789
2014-07-23,81.6821517944336,0.7425000071525574,101.47000122070312
2014-07-24,79.16492462158203,0.7427800297737122,101.5199966430664
2014-07-25,79.02172088623047,0.742680013179779,101.76000213623047
2014-07-28,78.49414825439453,0.7446600198745728,101.7490005493164
2014-07-29,78.90115356445312,0.7440999746322632,101.80999755859375
2014-07-30,77.91386413574219,0.7456499934196472,102.07599639892578
2014-07-31,75.93169403076172,0.7464900016784668,102.83999633789062
2014-08-01,75.75836181640625,0.7468299865722656,102.77300262451172
2014-08-04,76.7305908203125,0.7446600198745728,102.56300354003906
2014-08-05,76.49695587158203,0.7450399994850159,102.54199981689453
2014-08-06,76.4894027709961,0.7478100061416626,102.58899688720703
2014-08-07,76.82855224609375,0.747219979763031,102.11299896240234
2014-08-08,77.83844757080078,0.7486000061035156,102.12899780273438
2014-08-11,78.75794982910156,0.7459800243377686,102.15499877929688
2014-08-12,78.62982940673828,0.7471100091934204,102.20500183105469
2014-08-13,79.25537872314453,0.7481600046157837,102.28199768066406
2014-08-14,79.63219451904297,0.7480599880218506,102.40799713134766
2014-08-15,79.69248962402344,0.7482799887657166,102.49600219726562
2014-08-18,80.62701416015625,0.7468000054359436,102.41000366210938
2014-08-19,80.86820983886719,0.7484400272369385,102.61000061035156
2014-08-20,81.16967010498047,0.7506399750709534,102.91000366210938
2014-08-21,81.37316131591797,0.7541199922561646,103.70099639892578
2014-08-22,80.87574005126953,0.7530500292778015,103.8489990234375
2014-08-25,81.37316131591797,0.7576500177383423,104.20099639892578
2014-08-26,81.44096374511719,0.7582100033760071,104.06999969482422
2014-08-27,81.810302734375,0.7592899799346924,104.08999633789062
2014-08-28,81.88565826416016,0.7580999732017517,103.87799835205078
2014-08-29,82.20219421386719,0.7584400177001953,103.69599914550781
2014-09-01,,0.7617400288581848,104.16799926757812
2014-09-02,82.08912658691406,0.7615000009536743,104.33999633789062
2014-09-03,81.74244689941406,0.7615000009536743,105.23699951171875
2014-09-04,82.01378631591797,0.7603999972343445,104.87100219726562
2014-09-05,81.80274200439453,0.7732300162315369,105.58200073242188
2014-09-08,81.32795715332031,0.7720000147819519,105.18000030517578
2014-09-09,80.9435806274414,0.7757300138473511,106.16000366210938
2014-09-10,79.8356704711914,0.7726799845695496,106.12300109863281
2014-09-11,79.57942962646484,0.7741699814796448,106.82599639892578
2014-09-12,79.14984893798828,0.7737799882888794,107.1050033569336
2014-09-15,79.02925872802734,0.7716000080108643,107.33000183105469
2014-09-16,79.02925872802734,0.7728099822998047,107.13800048828125
2014-09-17,78.37358093261719,0.7716599702835083,107.1500015258789
2014-09-18,78.6373519897461,0.7782099843025208,108.51599884033203
2014-09-19,77.2581558227539,0.7739899754524231,108.80000305175781
2014-09-22,76.04473876953125,0.7787299752235413,108.94000244140625
2014-09-23,75.3589096069336,0.7781199812889099,108.75
2014-09-24,76.27083587646484,0.777970016002655,108.54199981689453
2014-09-25,74.99715423583984,0.7825899720191956,109.31600189208984
2014-09-26,75.65283203125,0.7838799953460693,108.61000061035156
2014-09-29,75.23834228515625,0.7890700101852417,109.41100311279297
2014-09-30,74.63541412353516,0.7879700064659119,109.38999938964844
2014-10-01,73.56520080566406,0.7918699979782104,109.66000366210938
2014-10-02,73.41446685791016,0.7921299934387207,109.0199966430664
2014-10-03,73.3993911743164,0.7892299890518188,108.52300262451172
2014-10-06,73.85913848876953,0.7991300225257874,109.802001953125
2014-10-07,71.37203979492188,0.7907599806785583,108.86799621582031
2014-10-08,72.8416976928711,0.7893900275230408,108.0719985961914
2014-10-09,70.46759033203125,0.7847399711608887,108.12699890136719
2014-10-10,70.18880462646484,0.7880799770355225,107.83000183105469
2014-10-13,69.0959701538086,0.7911499738693237,107.33799743652344
2014-10-14,69.94007873535156,0.7859200239181519,107.06300354003906
2014-10-15,69.7817611694336,0.7911999821662903,107.31400299072266
2014-10-16,70.8070068359375,0.7799299955368042,105.9800033569336
2014-10-17,72.1815414428711,0.7809799909591675,106.40499877929688
2014-10-20,71.40692138671875,0.7843400239944458,107.14399719238281
2014-10-21,72.81941986083984,0.7815399765968323,106.91000366210938
2014-10-22,71.8169937133789,0.7864900231361389,107.02100372314453
2014-10-23,75.38619232177734,0.7910500168800354,107.14800262451172
2014-10-24,75.51531219482422,0.7902600169181824,108.16100311279297
2014-10-27,74.83185577392578,0.7888500094413757,108.2020034790039
2014-10-28,76.82149505615234,0.787310004234314,107.84300231933594
2014-10-29,76.08486938476562,0.7850300073623657,108.11199951171875
2014-10-30,76.0621109008789,0.7915899753570557,108.84600067138672
2014-10-31,77.01134490966797,0.7928100228309631,109.21299743652344
2014-11-03,76.10763549804688,0.7997999787330627,112.84100341796875
2014-11-04,74.8849868774414,0.8002600073814392,113.64800262451172
2014-11-05,75.4925308227539,0.7966499924659729,113.4800033569336
2014-11-06,76.63166046142578,0.8012800216674805,114.65499877929688
2014-11-07,77.27713775634766,0.8077499866485596,115.1760025024414
2014-11-10,77.61885070800781,0.8024799823760986,114.53299713134766
2014-11-11,77.86187744140625,0.8045099973678589,114.75299835205078
2014-11-12,78.2112045288086,0.8015499711036682,115.72100067138672
2014-11-13,76.78351593017578,0.8045099973678589,115.56999969482422
2014-11-14,76.95816802978516,0.8015400171279907,115.8239974975586
2014-11-17,77.2315673828125,0.7988200187683105,116.89600372314453
2014-11-18,77.4897689819336,0.8032799959182739,116.64600372314453
2014-11-19,76.92781066894531,0.7978699803352356,116.86900329589844
2014-11-20,77.52774047851562,0.7973999977111816,118.14800262451172
2014-11-21,80.83873748779297,0.7971299886703491,118.23600006103516
2014-11-24,80.46664428710938,0.8080800175666809,117.74400329589844
2014-11-25,80.67927551269531,0.8043000102043152,118.4540023803711
2014-11-26,80.33755493164062,0.8012400269508362,117.8010025024414
2014-11-27,,0.7996199727058411,117.62999725341797
2014-11-28,76.39620971679688,0.8024399876594543,117.83999633789062
2014-12-01,75.1811752319336,0.8039699792861938,118.86399841308594
2014-12-02,75.56847381591797,0.8019199967384338,118.30799865722656
2014-12-03,76.07727813720703,0.807200014591217,119.19400024414062
2014-12-04,75.6899642944336,0.8119099736213684,119.86100006103516
2014-12-05,75.01409149169922,0.8073199987411499,119.81199645996094
2014-12-08,72.33340454101562,0.8133999705314636,121.56099700927734
2014-12-09,72.48529815673828,0.8120099902153015,120.6500015258789
2014-12-10,70.63993835449219,0.8067799806594849,119.34200286865234
2014-12-11,70.38931274414062,0.8016700148582458,117.70899963378906
2014-12-12,68.72624206542969,0.8067799806594849,119.00700378417969
2014-12-15,68.15666198730469,0.8023399710655212,118.16500091552734
2014-12-16,67.84532165527344,0.803629994392395,117.74099731445312
2014-12-17,68.15666198730469,0.7992299795150757,116.61299896240234
2014-12-18,69.62991333007812,0.8104400038719177,118.7959976196289
2014-12-19,69.64510345458984,0.8136399984359741,118.93800354003906
2014-12-22,70.10832214355469,0.8179299831390381,119.49700164794922
2014-12-23,71.00442504882812,0.8180800080299377,120.1500015258789
2014-12-24,71.17149353027344,0.8213599920272827,120.69000244140625
2014-12-25,,0.8197699785232544,120.45899963378906
2014-12-26,71.55878448486328,0.8190000057220459,120.37000274658203
2014-12-29,71.1639404296875,0.8217300176620483,120.42400360107422
2014-12-30,70.31338500976562,0.8228099942207336,120.63200378417969
2014-12-31,69.50843048095703,0.8222299814224243,119.45800018310547
2015-01-01,,0.8265399932861328,119.6729965209961
2015-01-02,69.7741928100586,0.8271700143814087,119.87000274658203
2015-01-05,66.09107208251953,0.8370699882507324,120.43399810791016
2015-01-06,65.66584014892578,0.8375899791717529,119.42500305175781
2015-01-07,66.68343353271484,0.8420799970626831,118.6729965209961
2015-01-08,67.36688232421875,0.8448799848556519,119.28900146484375
2015-01-09,66.56194305419922,0.8477399945259094,119.79199981689453
2015-01-12,65.98475646972656,0.8424100279808044,118.21199798583984
2015-01-13,65.58985900878906,0.8452000021934509,118.3280029296875
2015-01-14,65.36205291748047,0.8490200042724609,117.79499816894531
2015-01-15,64.55812072753906,0.8484699726104736,117.38999938964844
2015-01-16,64.2059555053711,0.8593000173568726,116.12999725341797
2015-01-19,,0.8646000027656555,117.55999755859375
2015-01-20,64.2901840209961,0.8622199892997742,117.71199798583984
2015-01-21,65.36206817626953,0.8660299777984619,118.64900207519531
2015-01-22,66.47222900390625,0.8609300255775452,117.86000061035156
2015-01-23,65.54579162597656,0.881309986114502,118.7509994506836
2015-01-26,65.86737060546875,0.8988400101661682,117.36100006103516
2015-01-27,61.13577651977539,0.8890699744224548,118.5199966430664
2015-01-28,61.25826644897461,0.8797100186347961,117.7750015258789
2015-01-29,61.2506217956543,0.8864099979400635,117.59200286865234
2015-01-30,61.227638244628906,0.8821799755096436,118.24800109863281
2015-02-02,61.89374923706055,0.8842499852180481,117.18399810791016
2015-02-03,64.25189208984375,0.8816999793052673,117.57499694824219
2015-02-04,62.743587493896484,0.8727999925613403,117.64600372314453
2015-02-05,63.98392105102539,0.8834900259971619,117.28800201416016
2015-02-06,63.70827865600586,0.8716899752616882,117.53500366210938
2015-02-09,64.82610321044922,0.8838300108909607,118.97000122070312
2015-02-10,64.23657989501953,0.8828499913215637,118.56300354003906
2015-02-11,63.861412048339844,0.8832399845123291,119.35800170898438
2015-02-12,63.95330047607422,0.8840199708938599,120.16999816894531
2015-02-13,65.17829895019531,0.8768900036811829,118.91600036621094
2015-02-16,,0.8771899938583374,118.56999969482422
2015-02-17,65.36968994140625,0.8823000192642212,118.49199676513672
2015-02-18,64.92564392089844,0.876829981803894,119.20800018310547
2015-02-19,63.77718734741211,0.8771899938583374,118.68900299072266
2015-02-20,64.6500244140625,0.8797600269317627,118.98799896240234
2015-02-23,63.922691345214844,0.8786200284957886,119.07599639892578
2015-02-24,64.69595336914062,0.8823800086975098,118.90299987792969
2015-02-25,65.193603515625,0.8819100260734558,118.89199829101562
2015-02-26,64.1600112915039,0.8799999952316284,118.8219985961914
2015-02-27,63.47096633911133,0.8924300074577332,119.37699890136719
2015-03-02,63.547523498535156,0.8959000110626221,119.82599639892578
2015-03-03,63.42499542236328,0.8945299983024597,120.2040023803711
2015-03-04,62.575172424316406,0.8942800164222717,119.63700103759766
2015-03-05,62.406707763671875,0.9023600220680237,119.6510009765625
2015-03-06,61.29655075073242,0.9064499735832214,120.04499816894531
2015-03-09,61.87076950073242,0.921999990940094,120.73899841308594
2015-03-10,61.18171310424805,0.9230700135231018,121.40799713134766
2015-03-11,61.02091598510742,0.9338200092315674,121.03800201416016
2015-03-12,61.39610290527344,0.9479799866676331,121.41100311279297
2015-03-13,60.66107940673828,0.9410600066184998,121.31800079345703
2015-03-16,61.227638244628906,0.9540500044822693,121.34300231933594
2015-03-17,60.06387710571289,0.9458100199699402,121.36699676513672
2015-03-18,62.26890563964844,0.9435700178146362,121.27999877929688
2015-03-19,61.31953430175781,0.9216600060462952,120.06400299072266
2015-03-20,62.161720275878906,0.9373000264167786,120.76200103759766
2015-03-23,62.08516311645508,0.9236500263214111,120.0270004272461
2015-03-24,61.61810302734375,0.9136599898338318,119.75
2015-03-25,61.14345169067383,0.9172599911689758,119.79100036621094
2015-03-26,61.158748626708984,0.9123700261116028,119.51799774169922
2015-03-27,60.997955322265625,0.9185799956321716,119.18299865722656
2015-03-30,62.29952621459961,0.9186999797821045,119.25
2015-03-31,61.27358627319336,0.9233400225639343,120.01300048828125
2015-04-01,60.97496795654297,0.9312599897384644,120.02200317382812
2015-04-02,61.43434524536133,0.9285100102424622,119.5739974975586
2015-04-03,,0.9199000000953674,119.6969985961914
2015-04-06,62.39139175415039,0.9089800119400024,118.822998046875
2015-04-07,61.66404342651367,0.9145100116729736,119.47699737548828
2015-04-08,61.58749008178711,0.9238600134849548,120.29000091552734
2015-04-09,61.771244049072266,0.9271900057792664,120.09400177001953
2015-04-10,63.241249084472656,0.9372900128364563,120.55000305175781
2015-04-13,62.8890266418457,0.942520022392273,120.20899963378906
2015-04-14,63.547523498535156,0.9458100199699402,120.05899810791016
2015-04-15,65.2012710571289,0.9392200112342834,119.45700073242188
2015-04-16,65.10862731933594,0.9366099834442139,119.14299774169922
2015-04-17,64.29034423828125,0.9297500252723694,119.04399871826172
2015-04-20,65.30934143066406,0.9250500202178955,118.81800079345703
2015-04-21,64.78440856933594,0.9304500222206116,119.19499969482422
2015-04-22,65.51780700683594,0.9309499859809875,119.63300323486328
2015-04-23,65.4560317993164,0.9323300123214722,119.94999694824219
2015-04-24,65.30934143066406,0.9246399998664856,119.57099914550781
2015-04-27,65.87291717529297,0.9200500249862671,118.927001953125
2015-04-28,66.54452514648438,0.9192900061607361,119.1259994506836
2015-04-29,67.54808807373047,0.9116500020027161,118.822998046875
2015-04-30,67.06946563720703,0.8997399806976318,118.97000122070312
2015-05-01,67.44772338867188,0.8916900157928467,119.4520034790039
2015-05-04,67.39369201660156,0.8939800262451172,120.13600158691406
2015-05-05,67.16209411621094,0.8969299793243408,120.0999984741211
2015-05-06,67.15438842773438,0.8939499855041504,119.9219970703125
2015-05-07,66.72206115722656,0.8817200064659119,119.39700317382812
2015-05-08,67.40142059326172,0.8891299962997437,119.70899963378906
2015-05-11,68.52851104736328,0.8933299779891968,119.77999877929688
2015-05-12,68.05758666992188,0.8973100185394287,120.13099670410156
2015-05-13,68.27375030517578,0.8911499977111816,119.83499908447266
2015-05-14,68.50534057617188,0.8810200095176697,119.16000366210938
2015-05-15,68.2660140991211,0.8768100142478943,119.19100189208984
2015-05-18,68.157958984375,0.873740017414093,119.33000183105469
2015-05-19,67.34735870361328,0.8829100131988525,119.9000015258789
2015-05-20,67.8800277709961,0.897130012512207,120.6520004272461
2015-05-21,68.96080780029297,0.9008399844169617,121.21199798583984
2015-05-22,68.42041778564453,0.899940013885498,121.03900146484375
2015-05-25,,0.9096699953079224,121.57099914550781
2015-05-26,67.81056213378906,0.9114800095558167,121.5999984741211
2015-05-27,67.87232208251953,0.9183700084686279,122.98600006103516
2015-05-28,66.39785766601562,0.9174299836158752,123.73999786376953
2015-05-29,65.86518859863281,0.9123799800872803,123.81999969482422
2015-06-01,66.02729797363281,0.9125800132751465,124.19300079345703
2015-06-02,66.52135467529297,0.9154999852180481,124.84700012207031
2015-06-03,66.56768035888672,0.8968600034713745,124.03600311279297
2015-06-04,65.98097229003906,0.8882700204849243,124.30400085449219
2015-06-05,66.4287338256836,0.8922299742698669,124.37999725341797
2015-06-08,66.50591278076172,0.9002400040626526,125.62899780273438
2015-06-09,66.95365142822266,0.8864499926567078,124.56300354003906
2015-06-10,68.30462646484375,0.8850299715995789,124.33899688720703
2015-06-11,68.06531524658203,0.8840199708938599,122.86599731445312
2015-06-12,67.81827545166016,0.8896300196647644,123.58100128173828
2015-06-15,67.26244354248047,0.8912699818611145,123.29000091552734
2015-06-16,66.8456039428711,0.8867599964141846,123.41999816894531
2015-06-17,67.35509490966797,0.889519989490509,123.43900299072266
2015-06-18,67.50176239013672,0.8795099854469299,123.52999877929688
2015-06-19,67.56353759765625,0.8794500231742859,123.00199890136719
2015-06-22,68.14251708984375,0.8792799711227417,122.7509994506836
2015-06-23,68.2814712524414,0.8811299800872803,123.37899780273438
2015-06-24,68.06531524658203,0.8950799703598022,123.86000061035156
2015-06-25,66.94596099853516,0.892300009727478,123.85099792480469
2015-06-26,67.02313995361328,0.8926200270652771,123.5979995727539
2015-06-29,65.84973907470703,0.9111599922180176,122.61199951171875
2015-06-30,65.47917938232422,0.8910300135612488,122.66999816894531
2015-07-01,64.80755615234375,0.8980699777603149,122.38600158691406
2015-07-02,65.13951110839844,0.9063199758529663,123.31999969482422
2015-07-03,,0.901960015296936,123.05899810791016
2015-07-06,64.18998718261719,0.909500002861023,122.40699768066406
2015-07-07,64.83845520019531,0.9050599932670593,122.61100006103516
2015-07-08,63.51062774658203,0.908270001411438,122.48999786376953
2015-07-09,63.06290054321289,0.9032599925994873,120.86199951171875
2015-07-10,63.417999267578125,0.9039099812507629,121.69999694824219
2015-07-13,64.56826782226562,0.8985499739646912,122.49600219726562
2015-07-14,65.2012710571289,0.9098799824714661,123.56999969482422
2015-07-15,64.96967315673828,0.9084299802780151,123.31999969482422
2015-07-16,65.25797271728516,0.9137799739837646,123.87000274658203
2015-07-17,64.79048156738281,0.9186099767684937,124.14900207519531
2015-07-20,64.08149719238281,0.9233400225639343,124.14199829101562
2015-07-21,64.05813598632812,0.9229000210762024,124.29399871826172
2015-07-22,62.14153289794922,0.914080023765564,123.86000061035156
2015-07-23,59.897682189941406,0.9151600003242493,124.06800079345703
2015-07-24,59.290008544921875,0.9100000262260437,123.8759994506836
2015-07-27,58.682289123535156,0.9113799929618835,123.76300048828125
2015-07-28,60.598915100097656,0.9017099738121033,123.23999786376953
2015-07-29,60.24830627441406,0.9036700129508972,123.57599639892578
2015-07-30,61.04298400878906,0.9104099869728088,123.94000244140625
2015-07-31,61.26113510131836,0.914139986038208,124.07099914550781
2015-08-03,60.19374465942383,0.9116600155830383,124.04000091552734
2015-08-04,59.679569244384766,0.9127399921417236,123.94499969482422
2015-08-05,59.897682189941406,0.9183599948883057,124.27400207519531
2015-08-06,60.34958267211914,0.917169988155365,124.7300033569336
2015-08-07,60.21712875366211,0.9151600003242493,124.73400115966797
2015-08-10,62.45318603515625,0.9119899868965149,124.30000305175781
2015-08-11,60.80144500732422,0.9076899886131287,124.61299896240234
2015-08-12,61.487064361572266,0.9056299924850464,125.06999969482422
2015-08-13,60.583316802978516,0.8959800004959106,124.25499725341797
2015-08-14,61.15205383300781,0.8959800004959106,124.36299896240234
2015-08-17,61.19102096557617,0.9014700055122375,124.3499984741211
2015-08-18,61.40915298461914,0.9026899933815002,124.43800354003906
2015-08-19,60.310638427734375,0.9065499901771545,124.37100219726562
2015-08-20,59.531524658203125,0.8994399905204773,123.89700317382812
2015-08-21,58.4329948425293,0.8899199962615967,123.41999816894531
2015-08-24,56.734519958496094,0.8789700269699097,121.73200225830078
2015-08-25,56.142398834228516,0.8633300065994263,118.88400268554688
2015-08-26,57.55259704589844,0.8657299876213074,118.54000091552734
2015-08-27,58.94717788696289,0.8818299770355225,120.05799865722656
2015-08-28,59.17311096191406,0.8890500068664551,121.00299835205078
2015-08-31,59.55489730834961,0.8917400240898132,121.28900146484375
2015-09-01,58.355064392089844,0.8907999992370605,121.08899688720703
2015-09-02,59.290008544921875,0.8854699730873108,119.71499633789062
2015-09-03,58.00446319580078,0.8915799856185913,120.58000183105469
2015-09-04,56.952667236328125,0.8988000154495239,120.05599975585938
2015-09-07,,0.8967000246047974,119.16400146484375
2015-09-08,57.88762283325195,0.8957399725914001,119.40299987792969
2015-09-09,56.84361267089844,0.892270028591156,120.08899688720703
2015-09-10,56.422874450683594,0.8912100195884705,120.27799987792969
2015-09-11,56.58649826049805,0.885670006275177,120.61900329589844
2015-09-14,56.695556640625,0.8815199732780457,120.7959976196289
2015-09-15,58.105751037597656,0.8843600153923035,120.36000061035156
2015-09-16,58.93160629272461,0.8871700167655945,120.43399810791016
2015-09-17,57.70062255859375,0.8855800032615662,120.52300262451172
2015-09-18,55.986576080322266,0.8771200180053711,120.0459976196289
2015-09-21,56.22031784057617,0.8855800032615662,120.0009994506836
2015-09-22,55.846351623535156,0.8935800194740295,120.49800109863281
2015-09-23,54.69327163696289,0.8992199897766113,120.08000183105469
2015-09-24,51.26520538330078,0.8936600089073181,120.19999694824219
2015-09-25,50.62633514404297,0.894540011882782,120.23999786376953
2015-09-28,49.699195861816406,0.8927199840545654,120.36799621582031
2015-09-29,50.10432434082031,0.8903899788856506,119.83999633789062
2015-09-30,50.92238998413086,0.8884199857711792,119.86000061035156
2015-10-01,50.166664123535156,0.8950899839401245,119.85900115966797
2015-10-02,51.18729019165039,0.8933799862861633,119.80999755859375
2015-10-05,53.89857864379883,0.8907099962234497,119.99500274658203
2015-10-06,55.176326751708984,0.8932399749755859,120.46099853515625
2015-10-07,54.83351135253906,0.887470006942749,120.23999786376953
2015-10-08,55.971004486083984,0.889680027961731,119.91500091552734
2015-10-09,55.550296783447266,0.8859800100326538,119.92900085449219
2015-10-12,54.92698669433594,0.8795099854469299,120.17900085449219
2015-10-13,54.669891357421875,0.8806300163269043,120.01100158691406
2015-10-14,55.09061813354492,0.878350019454956,119.72000122070312
2015-10-15,55.18410110473633,0.8714200258255005,118.83000183105469
2015-10-16,54.28813171386719,0.8796499967575073,119.05000305175781
2015-10-19,53.96870422363281,0.8802000284194946,119.2699966430664
2015-10-20,54.74778747558594,0.8826900124549866,119.50299835205078
2015-10-21,54.280330657958984,0.8807500004768372,119.77999877929688
2015-10-22,55.8402099609375,0.8812100291252136,119.84200286865234
2015-10-23,56.52562713623047,0.9024500250816345,120.86000061035156
2015-10-26,56.34440994262695,0.9074100255966187,121.2959976196289
2015-10-27,55.45417022705078,0.9036700129508972,120.9489974975586
2015-10-28,56.69894027709961,0.9060400128364563,120.47699737548828
2015-10-29,56.69894027709961,0.9150000214576721,120.86000061035156
2015-10-30,57.50249099731445,0.909600019454956,121.0
2015-11-02,58.5660514831543,0.9069499969482422,120.49500274658203
2015-11-03,58.88905715942383,0.9077699780464172,120.78800201416016
2015-11-04,58.73150634765625,0.9120799899101257,121.09500122070312
2015-11-05,58.47151184082031,0.9201300144195557,121.48999786376953
2015-11-06,58.172142028808594,0.9187800288200378,121.66999816894531
2015-11-09,56.63589859008789,0.9316700100898743,123.19999694824219
2015-11-10,57.06132125854492,0.9294099807739258,123.0770034790039
2015-11-11,56.65167236328125,0.9313099980354309,123.08399963378906
2015-11-12,54.09127426147461,0.9291099905967712,122.75700378417969
2015-11-13,54.85544967651367,0.9246399998664856,122.55999755859375
2015-11-16,55.45417022705078,0.9345800280570984,122.36399841308594
2015-11-17,54.66637420654297,0.9356300234794617,123.26599884033203
2015-11-18,55.39904022216797,0.9395099878311157,123.44499969482422
2015-11-19,55.16270065307617,0.9372100234031677,123.5250015258789
2015-11-20,56.04507064819336,0.9322999715805054,122.91200256347656
2015-11-23,55.950523376464844,0.9397600293159485,122.9229965209961
2015-11-24,56.2498664855957,0.9396700263023376,122.91500091552734
2015-11-25,56.320777893066406,0.9395099878311157,122.50499725341797
2015-11-26,,0.9411799907684326,122.68000030517578
2015-11-27,56.10806655883789,0.9430000185966492,122.63400268554688
2015-11-30,57.23464584350586,0.9449099898338318,122.83000183105469
2015-12-01,56.37593460083008,0.9458100199699402,123.20999908447266
2015-12-02,55.95836639404297,0.941100001335144,122.91500091552734
2015-12-03,54.86333465576172,0.9422399997711182,123.22599792480469
2015-12-04,55.13117599487305,0.9160900115966797,122.65299987792969
2015-12-07,53.85491943359375,0.9187800288200378,123.19000244140625
2015-12-08,52.421104431152344,0.9230200052261353,123.27999877929688
2015-12-09,51.924781799316406,0.9179400205612183,122.91200256347656
2015-12-10,52.2950439453125,0.9076099991798401,121.69999694824219
2015-12-11,51.54663848876953,0.9133999943733215,121.70999908447266
2015-12-14,52.090232849121094,0.9104200005531311,120.89299774169922
2015-12-15,52.5865478515625,0.9096699953079224,121.08999633789062
2015-12-16,53.35074234008789,0.9143900275230408,121.67500305175781
2015-12-17,51.129093170166016,0.9195799827575684,122.46299743652344
2015-12-18,51.29453659057617,0.9221600294113159,122.44999694824219
2015-12-21,51.396949768066406,0.9199699759483337,121.30000305175781
2015-12-22,53.89432144165039,0.9163399934768677,121.20600128173828
2015-12-23,55.060272216796875,0.9132400155067444,121.02999877929688
2015-12-24,54.65850067138672,0.9166600108146667,120.93499755859375
2015-12-25,,0.9115800261497498,120.16999816894531
2015-12-28,54.02825927734375,0.9119099974632263,120.23100280761719
2015-12-29,54.50883102416992,0.9111400246620178,120.3499984741211
2015-12-30,54.114898681640625,0.9150800108909607,120.52899932861328
2015-12-31,53.539791107177734,0.9145799875259399,120.44999694824219
2016-01-01,,0.9208899736404419,120.28800201416016
2016-01-04,53.563438415527344,0.9213200211524963,120.31099700927734
2016-01-05,53.00407409667969,0.9235699772834778,119.46700286865234
2016-01-06,52.169010162353516,0.9300600290298462,119.10199737548828
2016-01-07,50.37281036376953,0.9277300238609314,118.61000061035156
2016-01-08,49.860721588134766,0.9152500033378601,117.54000091552734
2016-01-11,48.42689514160156,0.9139900207519531,117.08000183105469
2016-01-12,48.529300689697266,0.9209799766540527,117.6500015258789
2016-01-13,47.9699592590332,0.9221699833869934,117.83000183105469
2016-01-14,49.0571403503418,0.9186099767684937,117.42500305175781
2016-01-15,47.75691604614258,0.9208999872207642,118.2030029296875
2016-01-18,,0.9157500267028809,116.98999786376953
2016-01-19,47.08687973022461,0.9178500175476074,117.38400268554688
2016-01-20,46.91139221191406,0.9163399934768677,117.56500244140625
2016-01-21,47.613346099853516,0.9193699955940247,117.13400268554688
2016-01-22,48.64234924316406,0.9206399917602539,117.92400360107422
2016-01-25,46.193477630615234,0.926010012626648,118.5719985961914
2016-01-26,47.19056701660156,0.9214000105857849,118.22799682617188
2016-01-27,46.52051544189453,0.9203900098800659,118.37999725341797
2016-01-28,48.72211837768555,0.9167600274085999,118.46700286865234
2016-01-29,49.64742660522461,0.914330005645752,118.93000030517578
2016-02-01,50.01435089111328,0.9237099885940552,121.33999633789062
2016-02-02,48.39506149291992,0.9176599979400635,120.83999633789062
2016-02-03,50.469024658203125,0.9155799746513367,119.85600280761719
2016-02-04,52.61478805541992,0.9016299843788147,118.12000274658203
2016-02-05,52.74241638183594,0.8928599953651428,116.86599731445312
2016-02-08,51.513980865478516,0.8972600102424622,116.94999694824219
2016-02-09,50.995506286621094,0.8936700224876404,115.66799926757812
2016-02-10,49.567657470703125,0.8857399821281433,115.19100189208984
2016-02-11,48.98536682128906,0.8864499926567078,113.25199890136719
2016-02-12,50.37330627441406,0.8835499882698059,112.49700164794922
2016-02-15,,0.8907899856567383,113.66999816894531
2016-02-16,52.016536712646484,0.8949300050735474,114.3219985961914
2016-02-17,53.65176010131836,0.8970999717712402,114.08000183105469
2016-02-18,52.74241638183594,0.8990399837493896,114.27999877929688
2016-02-19,52.18404006958008,0.9000099897384644,113.25
2016-02-22,53.691646575927734,0.8989599943161011,112.48899841308594
2016-02-23,52.47120666503906,0.9067800045013428,112.97100067138672
2016-02-24,52.55095291137695,0.9068599939346313,111.87999725341797
2016-02-25,53.02159881591797,0.9079399704933167,112.10099792480469
2016-02-26,53.340675354003906,0.9070299863815308,113.11799621582031
2016-02-29,54.002750396728516,0.9154199957847595,113.66000366210938
2016-03-01,55.111515045166016,0.9183599948883057,112.43000030517578
2016-03-02,55.34283447265625,0.9194599986076355,113.93000030517578
2016-03-03,57.233341217041016,0.9200500249862671,113.46600341796875
2016-03-04,58.10279083251953,0.9133300185203552,113.66999816894531
2016-03-07,59.64232635498047,0.9095900058746338,113.8030014038086
2016-03-08,57.21738815307617,0.9077699780464172,113.4520034790039
2016-03-09,57.329063415527344,0.9087600111961365,112.66000366210938
2016-03-10,56.92223358154297,0.9100000262260437,113.25299835205078
2016-03-11,58.07087707519531,0.8945800065994263,112.86000061035156
2016-03-14,58.01506042480469,0.8954200148582458,113.77799987792969
2016-03-15,57.783729553222656,0.9007400274276733,113.83000183105469
2016-03-16,59.299312591552734,0.9001700282096863,113.1050033569336
2016-03-17,60.543701171875,0.8913499712944031,112.75199890136719
2016-03-18,60.20070266723633,0.8835499882698059,111.3499984741211
2016-03-21,60.53571319580078,0.8866000175476074,111.44499969482422
2016-03-22,60.264488220214844,0.8899999856948853,112.13899993896484
2016-03-23,58.772850036621094,0.8910300135612488,112.25199890136719
2016-03-24,60.05710220336914,0.8943700194358826,112.4000015258789
2016-03-25,,0.8954200148582458,112.83000183105469
2016-03-28,60.08104705810547,0.8960599899291992,113.44999694824219
2016-03-29,60.6314582824707,0.8926399946212769,113.36399841308594
2016-03-30,61.030277252197266,0.8855800032615662,112.68000030517578
2016-03-31,61.054222106933594,0.8822500109672546,112.36599731445312
2016-04-01,61.25362014770508,0.8787599802017212,112.4800033569336
2016-04-04,60.40010452270508,0.8779600262641907,111.72200012207031
2016-04-05,60.01723861694336,0.8780400156974792,111.25
2016-04-06,60.001258850097656,0.8785799741744995,110.37799835205078
2016-04-07,59.16371536254883,0.8768100142478943,109.6989974975586
2016-04-08,59.307281494140625,0.8791999816894531,108.427001953125
2016-04-11,59.53064727783203,0.8769599795341492,108.31099700927734
2016-04-12,60.7032356262207,0.8762000203132629,107.93000030517578
2016-04-13,63.120201110839844,0.878350019454956,108.63999938964844
2016-04-14,63.056365966796875,0.8866000175476074,109.41999816894531
2016-04-15,63.15209197998047,0.8873100280761719,109.31600189208984
2016-04-18,63.21591567993164,0.8849599957466125,108.01699829101562
2016-04-19,64.12525939941406,0.8842499852180481,109.072998046875
2016-04-20,63.60676574707031,0.8803099989891052,109.23999786376953
2016-04-21,63.35708236694336,0.8845599889755249,109.83799743652344
2016-04-22,63.08322525024414,0.8855800032615662,109.43699645996094
2016-04-25,61.85087585449219,0.8901500105857849,111.43599700927734
2016-04-26,62.543575286865234,0.8873900175094604,111.13600158691406
2016-04-27,63.37319564819336,0.8850299715995789,111.2300033569336
2016-04-28,62.62409973144531,0.8826900124549866,111.5199966430664
2016-04-29,62.59994888305664,0.8805999755859375,108.07599639892578
2016-05-02,62.69660568237305,0.8723700046539307,106.4530029296875
2016-05-03,61.50453567504883,0.867680013179779,106.39600372314453
2016-05-04,59.7969970703125,0.8692600131034851,106.68000030517578
2016-05-05,58.629058837890625,0.8700900077819824,106.91999816894531
2016-05-06,59.08816909790039,0.8767300248146057,107.2750015258789
2016-05-09,57.01008987426758,0.8781200051307678,107.36000061035156
2016-05-10,58.40354537963867,0.8781200051307678,108.33100128173828
2016-05-11,58.33909225463867,0.8791700005531311,109.19400024414062
2016-05-12,57.75110626220703,0.8751199841499329,108.41500091552734
2016-05-13,56.438209533691406,0.8789700269699097,109.0999984741211
2016-05-16,56.945655822753906,0.8836299777030945,108.66100311279297
2016-05-17,57.22758483886719,0.8837000131607056,109.08000183105469
2016-05-18,56.8570556640625,0.8837000131607056,108.94999694824219
2016-05-19,55.922725677490234,0.8910300135612488,110.13999938964844
2016-05-20,56.277122497558594,0.8923799991607666,109.88099670410156
2016-05-23,56.70402145385742,0.8911299705505371,110.05000305175781
2016-05-24,57.259769439697266,0.8915799856185913,109.3740005493164
2016-05-25,58.45185470581055,0.8978300094604492,110.16999816894531
2016-05-26,58.057186126708984,0.8961399793624878,110.11100006103516
2016-05-27,57.96052551269531,0.8934900164604187,109.71299743652344
2016-05-30,,0.9000899791717529,110.7699966430664
2016-05-31,58.40354537963867,0.8969900012016296,110.84100341796875
2016-06-01,58.2102165222168,0.8979899883270264,110.66999816894531
2016-06-02,59.297584533691406,0.8937299847602844,109.47699737548828
2016-06-03,60.44135284423828,0.8967000246047974,108.86000061035156
2016-06-06,61.55286407470703,0.8809800148010254,106.72100067138672
2016-06-07,61.86698913574219,0.8799700140953064,107.43800354003906
2016-06-08,62.914066314697266,0.8804500102996826,107.25399780273438
2016-06-09,62.14890670776367,0.8766499757766724,106.77999877929688
2016-06-10,61.238746643066406,0.8837800025939941,107.08999633789062
2016-06-13,60.5943603515625,0.889680027961731,106.50399780273438
2016-06-14,60.29635238647461,0.8856599926948547,106.22599792480469
2016-06-15,60.46549987792969,0.8918200135231018,106.08699798583984
2016-06-16,60.40106201171875,0.8878899812698364,105.8499984741211
2016-06-17,61.15819549560547,0.888729989528656,104.74299621582031
2016-06-20,61.560916900634766,0.8811299800872803,104.64800262451172
2016-06-21,61.60923385620117,0.8831599950790405,103.8239974975586
2016-06-22,61.560916900634766,0.8888400197029114,104.66999816894531
2016-06-23,63.002681732177734,0.8827499747276306,104.6500015258789
2016-06-24,58.822364807128906,0.883080005645752,104.89600372314453
2016-06-27,57.493370056152344,0.9061300158500671,102.12699890136719
2016-06-28,58.41157913208008,0.9078500270843506,101.81199645996094
2016-06-29,59.78891372680664,0.9030200242996216,102.70099639892578
2016-06-30,61.0615234375,0.8986300230026245,102.77799987792969
2016-07-01,61.57701110839844,0.900409996509552,103.072998046875
2016-07-04,,0.898389995098114,102.48799896240234
2016-07-05,59.90972900390625,0.8971800208091736,102.51799774169922
2016-07-06,60.27219772338867,0.9037500023841858,101.14099884033203
2016-07-07,60.449378967285156,0.9009799957275391,101.1500015258789
2016-07-08,62.31804275512695,0.903689980506897,100.79000091552734
2016-07-11,62.66440200805664,0.9054700136184692,100.69200134277344
2016-07-12,64.27530670166016,0.9043200016021729,102.52400207519531
2016-07-13,64.18670654296875,0.9039199948310852,104.75599670410156
2016-07-14,64.48470306396484,0.9013100266456604,104.07599639892578
2016-07-15,65.00021362304688,0.900409996509552,105.19100189208984
2016-07-18,64.91075134277344,0.9047200083732605,105.45899963378906
2016-07-19,64.84568786621094,0.903190016746521,106.14600372314453
2016-07-20,64.80503845214844,0.9079700112342834,106.13700103759766
2016-07-21,65.06527709960938,0.907480001449585,107.2040023803711
2016-07-22,64.55294799804688,0.9063799977302551,105.81099700927734
2016-07-25,63.99181365966797,0.9115399718284607,106.32599639892578
2016-07-26,67.2934799194336,0.909820020198822,105.5780029296875
2016-07-27,68.39131927490234,0.910099983215332,104.8489990234375
2016-07-28,67.43170928955078,0.9030600190162659,104.95099639892578
2016-07-29,67.30160522460938,0.9021700024604797,104.74500274658203
2016-08-01,66.64289855957031,0.8954100012779236,102.33200073242188
2016-08-02,66.06552124023438,0.8954100012779236,102.35900115966797
2016-08-03,66.70795440673828,0.8913400173187256,101.06800079345703
2016-08-04,66.49651336669922,0.8967400193214417,101.33699798583984
2016-08-05,67.13894653320312,0.8980900049209595,101.1989974975586
2016-08-08,67.85459899902344,0.9017500281333923,102.1449966430664
2016-08-09,67.35850524902344,0.9022300243377686,102.28800201416016
2016-08-10,67.21215057373047,0.899619996547699,101.91500091552734
2016-08-11,67.69193267822266,0.8939399719238281,101.13300323486328
2016-08-12,67.49677276611328,0.8977400064468384,101.80799865722656
2016-08-15,68.43196105957031,0.8955000042915344,101.28299713134766
2016-08-16,68.54582977294922,0.8941299915313721,101.23999786376953
2016-08-17,68.64341735839844,0.8868399858474731,100.19999694824219
2016-08-18,67.80580139160156,0.8850399851799011,99.90599822998047
2016-08-19,68.17987060546875,0.8810999989509583,100.11199951171875
2016-08-22,67.97657012939453,0.8851000070571899,100.55400085449219
2016-08-23,68.31813049316406,0.8834499716758728,100.2509994506836
2016-08-24,67.61878204345703,0.8848900198936462,100.31099700927734
2016-08-25,67.36668395996094,0.8877999782562256,100.552001953125
2016-08-26,67.22030639648438,0.885699987411499,100.55500030517578
2016-08-29,67.57807922363281,0.8928999900817871,101.91999816894531
2016-08-30,67.07392120361328,0.8934299945831299,101.80899810791016
2016-08-31,66.64289855957031,0.8966000080108643,102.86799621582031
2016-09-01,66.23629760742188,0.8960000276565552,103.302001953125
2016-09-02,66.43148040771484,0.892799973487854,103.25800323486328
2016-09-05,,0.8959000110626221,103.93399810791016
2016-09-06,66.74861907958984,0.8966000080108643,103.51000213623047
2016-09-07,68.082275390625,0.8885999917984009,101.5250015258789
2016-09-08,67.93590545654297,0.8895999789237976,101.8290023803711
2016-09-09,65.69956970214844,0.8871999979019165,102.30599975585938
2016-09-12,66.6185073852539,0.8895900249481201,102.43800354003906
2016-09-13,65.24418640136719,0.8894000053405762,101.7509994506836
2016-09-14,65.88661193847656,0.8913699984550476,102.50399780273438
2016-09-15,66.70795440673828,0.8891000151634216,102.5479965209961
2016-09-16,66.72422790527344,0.8892099857330322,102.00800323486328
2016-09-19,66.5859603881836,0.8961799740791321,102.30699920654297
2016-09-20,66.43955993652344,0.8944000005722046,101.84600067138672
2016-09-21,67.87897491455078,0.8965399861335754,101.5469970703125
2016-09-22,67.90338134765625,0.8934000134468079,100.39299774169922
2016-09-23,67.04136657714844,0.89205002784729,100.83100128173828
2016-09-26,66.98445892333984,0.889739990234375,100.88899993896484
2016-09-27,67.3991928100586,0.8888999819755554,100.35900115966797
2016-09-28,70.41622924804688,0.8913000226020813,100.46800231933594
2016-09-29,71.13184356689453,0.8908699750900269,100.93499755859375
2016-09-30,72.18903350830078,0.8913000226020813,101.1989974975586
2016-10-03,71.79053497314453,0.8901000022888184,101.56300354003906
2016-10-04,71.16438293457031,0.8920300006866455,101.81700134277344
2016-10-05,72.71761322021484,0.8920000195503235,102.87999725341797
2016-10-06,72.61189270019531,0.8921999931335449,103.45999908447266
2016-10-07,71.94505310058594,0.8973000049591064,103.76499938964844
2016-10-10,71.74176788330078,0.8931000232696533,103.01799774169922
2016-10-11,71.13184356689453,0.897599995136261,103.6969985961914
2016-10-12,71.22129821777344,0.9039999842643738,103.34200286865234
2016-10-13,70.72523498535156,0.9081100225448608,104.30400085449219
2016-10-14,71.29448699951172,0.9049999713897705,103.72200012207031
2016-10-17,70.9854736328125,0.9117599725723267,104.03900146484375
2016-10-18,70.92852783203125,0.907800018787384,103.85099792480469
2016-10-19,71.56285858154297,0.9110000133514404,103.86499786376953
2016-10-20,71.07061767578125,0.9111499786376953,103.39099884033203
2016-10-21,70.82450103759766,0.9148799777030945,104.10900115966797
2016-10-24,70.54554748535156,0.9189000129699707,103.91699981689453
2016-10-25,69.3067626953125,0.9194999933242798,104.32099914550781
2016-10-26,69.01963806152344,0.9185000061988831,104.15399932861328
2016-10-27,68.10079193115234,0.9164199829101562,104.56300354003906
2016-10-28,68.8145523071289,0.9174000024795532,105.20899963378906
2016-10-31,68.46997833251953,0.9103599786758423,104.56500244140625
2016-11-01,67.46907806396484,0.911300003528595,104.81999969482422
2016-11-02,66.54206085205078,0.9043999910354614,104.09200286865234
2016-11-03,66.67330932617188,0.9010999798774719,103.37799835205078
2016-11-04,67.52651977539062,0.9006999731063843,103.052001953125
2016-11-07,68.7078628540039,0.9007999897003174,104.19499969482422
2016-11-08,69.47084045410156,0.9047999978065491,104.43800354003906
2016-11-09,74.81980895996094,0.9075199961662292,105.02999877929688
2016-11-10,76.66569519042969,0.9157000184059143,105.85299682617188
2016-11-11,76.30474090576172,0.9182999730110168,106.85600280761719
2016-11-14,77.2563705444336,0.923799991607666,106.87100219726562
2016-11-15,77.47787475585938,0.9301999807357788,108.2020034790039
2016-11-16,76.58365631103516,0.932200014591217,109.03800201416016
2016-11-17,76.11604309082031,0.9340000152587891,108.78500366210938
2016-11-18,75.75506591796875,0.941349983215332,110.25599670410156
2016-11-21,76.2144775390625,0.9448000192642212,110.9729995727539
2016-11-22,76.80516052246094,0.9399499893188477,110.6500015258789
2016-11-23,78.90536499023438,0.9404000043869019,111.00599670410156
2016-11-24,,0.9483000040054321,112.58200073242188
2016-11-25,78.60181427001953,0.9467999935150146,113.29199981689453
2016-11-28,77.85527801513672,0.942300021648407,112.6520004272461
2016-11-29,77.14972686767578,0.9415000081062317,111.69000244140625
2016-11-30,78.39672088623047,0.9391000270843506,112.47000122070312
2016-12-01,78.95458984375,0.944100022315979,114.69400024414062
2016-12-02,78.0521469116211,0.9378100037574768,113.90899658203125
2016-12-05,77.48607635498047,0.9449999928474426,113.50499725341797
2016-12-06,78.11779022216797,0.9296000003814697,113.86299896240234
2016-12-07,79.84880065917969,0.9327999949455261,114.052001953125
2016-12-08,78.97920227050781,0.9291999936103821,113.71299743652344
2016-12-09,78.37210083007812,0.9415000081062317,114.07499694824219
2016-12-12,78.00293731689453,0.9480999708175659,115.41200256347656
2016-12-13,78.77410125732422,0.9397000074386597,115.00199890136719
2016-12-14,76.90361022949219,0.9408000111579895,115.2239990234375
2016-12-15,77.55172729492188,0.9510999917984009,117.21099853515625
2016-12-16,75.95195007324219,0.9598000049591064,118.24099731445312
2016-12-19,76.05860137939453,0.9569399952888489,117.79100036621094
2016-12-20,77.39584350585938,0.9610000252723694,117.03700256347656
2016-12-21,76.96924591064453,0.9624199867248535,117.875
2016-12-22,77.21534729003906,0.958899974822998,117.60399627685547
2016-12-23,77.37942504882812,0.9580699801445007,117.54199981689453
2016-12-26,,0.9564999938011169,117.30999755859375
2016-12-27,77.56812286376953,0.9563000202178955,117.19200134277344
2016-12-28,76.4195556640625,0.955810010433197,117.4800033569336
2016-12-29,76.534423828125,0.9599699974060059,117.08699798583984
2016-12-30,76.08322143554688,0.9455999732017517,116.26699829101562
2017-01-02,,0.949940025806427,116.79499816894531
2017-01-03,77.10871887207031,0.9560199975967407,117.49500274658203
2017-01-04,76.76414489746094,0.9596999883651733,117.65899658203125
2017-01-05,76.29650115966797,0.9523000121116638,117.11299896240234
2017-01-06,76.3293228149414,0.942870020866394,115.26499938964844
2017-01-09,75.77967834472656,0.9495000243186951,117.1500015258789
2017-01-10,76.97744750976562,0.9444100260734558,115.98500061035156
2017-01-11,77.65018463134766,0.9476500153541565,115.87200164794922
2017-01-12,77.10871887207031,0.9435999989509583,115.0979995727539
2017-01-13,77.51071166992188,0.9419000148773193,114.66400146484375
2017-01-16,,0.940850019454956,114.22699737548828
2017-01-17,76.76414489746094,0.9431300163269043,114.1520004272461
2017-01-18,77.20252990722656,0.9348599910736084,112.87799835205078
2017-01-19,77.24390411376953,0.9409300088882446,114.76200103759766
2017-01-20,78.23656463623047,0.9381099939346313,114.9800033569336
2017-01-23,78.1373062133789,0.9333800077438354,113.80999755859375
2017-01-24,79.60972595214844,0.9293000102043152,112.77999877929688
2017-01-25,81.18964385986328,0.9320799708366394,113.83999633789062
2017-01-26,80.42035675048828,0.9300600290298462,113.29299926757812
2017-01-27,81.88450622558594,0.9360700249671936,114.45500183105469
2017-01-30,80.06464385986328,0.9333599805831909,114.66799926757812
2017-01-31,79.12993621826172,0.9338300228118896,113.6500015258789
2017-02-01,78.67495727539062,0.925599992275238,112.74299621582031
2017-02-02,77.5665283203125,0.9287300109863281,113.31099700927734
2017-02-03,77.16119384765625,0.9292200207710266,112.78900146484375
2017-02-06,76.8220443725586,0.9273899793624878,112.63899993896484
2017-02-07,77.18600463867188,0.9308199882507324,111.8270034790039
2017-02-08,76.85511779785156,0.9365000128746033,112.38700103759766
2017-02-09,77.72370910644531,0.935259997844696,111.9520034790039
2017-02-10,79.6676025390625,0.9382100105285645,113.43399810791016
2017-02-13,81.47919464111328,0.9416599869728088,113.91400146484375
2017-02-14,81.1400375366211,0.9435300230979919,113.70500183105469
2017-02-15,81.90931701660156,0.945330023765564,114.3010025024414
2017-02-16,81.28064727783203,0.9427400231361389,114.11199951171875
2017-02-17,81.76870727539062,0.9370099902153015,113.30500030517578
2017-02-20,,0.9410300254821777,112.91100311279297
2017-02-21,81.1482925415039,0.9425600171089172,113.27999877929688
2017-02-22,81.23104095458984,0.9485800266265869,113.66899871826172
2017-02-23,79.03892517089844,0.9474999904632568,113.41699981689453
2017-02-24,78.98104095458984,0.9447799921035767,112.68199920654297
2017-02-27,80.60234832763672,0.9476199746131897,112.18800354003906
2017-02-28,79.95716094970703,0.9448000192642212,112.74500274658203
2017-03-01,81.54535675048828,0.946150004863739,113.0770034790039
2017-03-02,78.05455780029297,0.9491400122642517,114.12100219726562
2017-03-03,78.68324279785156,0.9514999985694885,114.34200286865234
2017-03-06,79.12993621826172,0.9415799975395203,113.84700012207031
2017-03-07,79.35328674316406,0.9452499747276306,113.91699981689453
2017-03-08,77.1198501586914,0.9460600018501282,113.9260025024414
2017-03-09,75.59778594970703,0.9480999708175659,114.41100311279297
2017-03-10,76.35881042480469,0.9453200101852417,115.14900207519531
2017-03-13,76.63179016113281,0.93545001745224,114.73200225830078
2017-03-14,75.98656463623047,0.9388399720191956,114.91500091552734
2017-03-15,77.22737884521484,0.9422900080680847,114.65899658203125
2017-03-16,76.80547332763672,0.9312800168991089,113.4020004272461
2017-03-17,76.85511779785156,0.9280999898910522,113.33999633789062
2017-03-20,78.91485595703125,0.930840015411377,112.67400360107422
2017-03-21,76.45807647705078,0.9312999844551086,112.572998046875
2017-03-22,76.45807647705078,0.9248600006103516,111.53199768066406
2017-03-23,76.29263305664062,0.9267699718475342,111.36900329589844
2017-03-24,76.2264404296875,0.9273099899291992,111.00399780273438
2017-03-27,75.6970443725586,0.9217000007629395,110.552001953125
2017-03-28,76.88821411132812,0.9207299947738647,110.77100372314453
2017-03-29,76.81375885009766,0.9244099855422974,111.22599792480469
2017-03-30,77.1115951538086,0.9294000267982483,111.15399932861328
2017-03-31,76.73104858398438,0.9357100129127502,111.7760009765625
2017-04-03,76.32571411132812,0.937309980392456,111.26499938964844
2017-04-04,77.86430358886719,0.9372000098228455,110.70899963378906
2017-04-05,77.95530700683594,0.9362999796867371,110.85399627685547
2017-04-06,79.26226806640625,0.9369900226593018,110.38099670410156
2017-04-07,79.01411437988281,0.9394400119781494,110.89700317382812
2017-04-10,80.35415649414062,0.9449999928474426,111.2249984741211
2017-04-11,80.32111358642578,0.9436100125312805,110.71700286865234
2017-04-12,78.4681625366211,0.9423900246620178,109.58699798583984
2017-04-13,77.01229858398438,0.9371500015258789,108.9020004272461
2017-04-14,,0.9419400095939636,109.10099792480469
2017-04-17,77.8725814819336,0.9424600005149841,108.322998046875
2017-04-18,78.07938385009766,0.9394500255584717,109.11199951171875
2017-04-19,77.31835174560547,0.9320799708366394,108.53500366210938
2017-04-20,78.95315551757812,0.9332699775695801,108.83399963378906
2017-04-21,78.66956329345703,0.9332799911499023,109.375
2017-04-24,80.74640655517578,0.9196299910545349,109.97799682617188
2017-04-25,87.09368133544922,0.9204000234603882,109.64099884033203
2017-04-26,87.29383850097656,0.9150599837303162,111.0459976196289
2017-04-27,85.64237976074219,0.9166799783706665,111.19100189208984
2017-04-28,85.2920913696289,0.92044997215271,111.22599792480469
2017-05-01,85.07522583007812,0.9168000221252441,111.302001953125
2017-05-02,84.66653442382812,0.9166799783706665,111.81199645996094
2017-05-03,84.69154357910156,0.9144399762153625,111.96900177001953
2017-05-04,82.89830017089844,0.9183599948883057,112.78299713134766
2017-05-05,83.10680389404297,0.9106199741363525,112.53700256347656
2017-05-08,82.8816146850586,0.9119799733161926,112.68399810791016
2017-05-09,82.81490325927734,0.9150999784469604,113.2300033569336
2017-05-10,83.70733642578125,0.9185400009155273,113.697998046875
2017-05-11,84.23281860351562,0.9199000000953674,114.3280029296875
2017-05-12,83.999267578125,0.9203900098800659,113.80899810791016
2017-05-15,85.425537109375,0.9151399731636047,113.27100372314453
2017-05-16,85.3587875366211,0.9106000065803528,113.64199829101562
2017-05-17,83.52385711669922,0.901390016078949,112.64600372314453
2017-05-18,83.59056854248047,0.8963500261306763,111.1259994506836
2017-05-19,85.43386840820312,0.8998000025749207,111.4010009765625
2017-05-22,85.31710815429688,0.8924700021743774,111.28399658203125
2017-05-23,86.43476867675781,0.889769971370697,110.89099884033203
2017-05-24,86.70165252685547,0.8945099711418152,111.95700073242188
2017-05-25,87.59410858154297,0.8903999924659729,111.52400207519531
2017-05-26,88.12791442871094,0.8920000195503235,111.7300033569336
2017-05-29,,0.8947700262069702,111.25599670410156
2017-05-30,87.96945190429688,0.8985499739646912,111.17400360107422
2017-05-31,87.93608856201172,0.8951200246810913,110.83899688720703
2017-06-01,88.1196060180664,0.8894000053405762,110.7959976196289
2017-06-02,88.36981201171875,0.8916000127792358,111.43699645996094
2017-06-05,87.7442398071289,0.88646000623703,110.46299743652344
2017-06-06,87.20209503173828,0.8883500099182129,110.38099670410156
2017-06-07,86.33468627929688,0.8871999979019165,109.50900268554688
2017-06-08,87.58576202392578,0.888480007648468,109.9000015258789
2017-06-09,88.34478759765625,0.894070029258728,109.85900115966797
2017-06-12,88.46991729736328,0.8927000164985657,110.28800201416016
2017-06-13,88.20299530029297,0.8931599855422974,109.9209976196289
2017-06-14,87.33556365966797,0.8921499848365784,110.05500030517578
2017-06-15,88.7451400756836,0.8916000127792358,109.44599914550781
2017-06-16,89.74601745605469,0.8971099853515625,110.9520034790039
2017-06-19,89.65425109863281,0.8921999931335449,110.9540023803711
2017-06-20,89.27894592285156,0.8973000049591064,111.6729965209961
2017-06-21,86.30130004882812,0.8979099988937378,111.33399963378906
2017-06-22,86.60989379882812,0.8954799771308899,111.30999755859375
2017-06-23,86.83511352539062,0.8968899846076965,111.29000091552734
2017-06-26,86.95187377929688,0.8929499983787537,111.23899841308594
2017-06-27,86.6849594116211,0.8941699862480164,111.85800170898438
2017-06-28,88.7868423461914,0.8819000124931335,112.18800354003906
2017-06-29,88.11123657226562,0.8785300254821777,112.35399627685547
2017-06-30,89.62925720214844,0.8740000128746033,112.00900268554688
2017-07-03,89.2205581665039,0.8754199743270874,112.26200103759766
2017-07-04,,0.8794000148773193,113.38600158691406
2017-07-05,89.65425109863281,0.8802700042724609,112.96199798583984
2017-07-06,88.83688354492188,0.8812999725341797,113.18699645996094
2017-07-07,89.17884826660156,0.8752899765968323,113.14900207519531
2017-07-10,89.94621276855469,0.8769000172615051,113.98500061035156
2017-07-11,90.27982330322266,,
2017-07-12,90.88036346435547,0.8715400099754333,113.74800109863281
2017-07-13,90.47168731689453,0.8757399916648865,113.33499908447266
2017-07-14,90.72187805175781,0.8768900036811829,113.41799926757812
2017-07-17,90.7802734375,0.871429979801178,112.39700317382812
2017-07-18,89.94857788085938,0.8715100288391113,112.58100128173828
2017-07-19,90.60385131835938,0.8658199906349182,111.99500274658203
2017-07-20,90.15860748291016,0.8674200177192688,111.87699890136719
2017-07-21,89.54534149169922,0.8599399924278259,111.88500213623047
2017-07-24,90.88108825683594,0.8560400009155273,110.94499969482422
2017-07-25,96.22408294677734,0.8591899871826172,111.23200225830078
2017-07-26,95.36717224121094,0.8587700128555298,112.00299835205078
2017-07-27,96.08125305175781,0.8526600003242493,111.12799835205078
2017-07-28,95.85440826416016,0.8555300235748291,111.09700012207031
2017-07-31,95.7284164428711,0.8512600064277649,110.51000213623047
2017-08-01,95.01432800292969,0.8457300066947937,110.35900115966797
2017-08-02,95.00592041015625,0.8466500043869019,110.43199920654297
2017-08-03,95.40076446533203,0.8438000082969666,110.75700378417969
2017-08-04,96.06443786621094,0.8414000272750854,109.9000015258789
2017-08-07,96.36688995361328,0.8490099906921387,110.78600311279297
2017-08-08,96.1148681640625,0.8473899960517883,110.75
2017-08-09,96.05604553222656,0.8507300019264221,110.10199737548828
2017-08-10,95.05633544921875,0.8502299785614014,110.04900360107422
2017-08-11,94.8042984008789,0.8496000170707703,109.10600280761719
2017-08-14,95.52677154541016,0.8456299901008606,109.2300033569336
2017-08-15,95.47637939453125,0.8492000102996826,109.93199920654297
2017-08-16,95.87120819091797,0.8517000079154968,110.59600067138672
2017-08-17,95.04794311523438,0.8493099808692932,109.9990005493164
2017-08-18,95.70320129394531,0.8535699844360352,109.3280029296875
2017-08-21,95.43437194824219,0.8506100177764893,109.31999969482422
2017-08-22,97.29938507080078,0.8465999960899353,108.94400024414062
2017-08-23,96.40048217773438,0.8501799702644348,109.73100280761719
2017-08-24,96.42567443847656,0.8462700247764587,108.91000366210938
2017-08-25,96.904541015625,0.8472999930381775,109.51399993896484
2017-08-28,96.6693115234375,0.8366900086402893,109.34600067138672
2017-08-29,97.4590072631836,0.8358500003814697,108.73699951171875
2017-08-30,98.75274658203125,0.8353899717330933,109.79000091552734
2017-08-31,98.70232391357422,0.8407999873161316,110.45999908447266
2017-09-01,99.36599731445312,0.8396000266075134,110.12899780273438
2017-09-04,,0.8415499925613403,109.79499816894531
2017-09-05,99.38280487060547,0.8407999873161316,109.80999755859375
2017-09-06,98.27388763427734,0.8386399745941162,108.60199737548828
2017-09-07,98.93756866455078,0.838379979133606,109.13400268554688
2017-09-08,98.97956848144531,0.8313199877738953,108.2699966430664
2017-09-11,99.86165618896484,0.8321099877357483,108.23100280761719
2017-09-12,101.60065460205078,0.8361600041389465,109.3949966430664
2017-09-13,100.50010681152344,0.835099995136261,110.22599792480469
2017-09-14,101.21420288085938,0.8410000205039978,110.51499938964844
2017-09-15,101.96188354492188,0.8388100266456604,109.91899871826172
2017-09-18,104.02850341796875,0.8377199769020081,111.1969985961914
2017-09-19,104.7929916381836,0.8361700177192688,111.49600219726562
2017-09-20,104.8853988647461,0.8338500261306763,111.5780029296875
2017-09-21,104.83499145507812,0.8423100113868713,112.5459976196289
2017-09-22,104.5325698852539,0.8371300101280212,112.4520034790039
2017-09-25,104.4401626586914,0.8384199738502502,112.44400024414062
2017-09-26,104.59976959228516,0.8434799909591675,111.76100158691406
2017-09-27,104.60816955566406,0.8484600186347961,112.37699890136719
2017-09-28,105.20465850830078,0.8510900139808655,112.86000061035156
2017-09-29,104.76780700683594,0.848770022392273,112.46700286865234
2017-10-02,104.77616882324219,0.8469300270080566,112.63800048828125
2017-10-03,105.43987274169922,0.8522400259971619,112.7699966430664
2017-10-04,106.47317504882812,0.8512399792671204,112.8479995727539
2017-10-05,106.18756103515625,0.8505399823188782,112.822998046875
2017-10-06,106.6327896118164,0.8537999987602234,112.77400207519531
2017-10-09,106.59078979492188,0.851610004901886,112.5510025024414
2017-10-10,107.69131469726562,0.8516700267791748,112.65799713134766
2017-10-11,108.03578186035156,0.8463900089263916,112.34500122070312
2017-10-12,109.20347595214844,0.8427799940109253,112.43399810791016
2017-10-13,109.80836486816406,0.8451799750328064,112.23899841308594
2017-10-16,110.44677734375,0.8464499711990356,111.88200378417969
2017-10-17,109.66551971435547,0.8478500247001648,112.19499969482422
2017-10-18,110.29560089111328,0.8494799733161926,112.21299743652344
2017-10-19,110.51402282714844,0.8478000164031982,113.01300048828125
2017-10-20,111.01263427734375,0.8440200090408325,112.68000030517578
2017-10-23,111.28307342529297,0.8507999777793884,114.0479965209961
2017-10-24,116.82694244384766,0.8503999710083008,113.33999633789062
2017-10-25,115.64378356933594,0.850409984588623,113.94599914550781
2017-10-26,115.72831726074219,0.8459699749946594,113.55799865722656
2017-10-27,116.46351623535156,0.85930997133255,114.1240005493164
2017-10-30,115.34796905517578,0.8617299795150757,113.73899841308594
2017-10-31,114.76490020751953,0.8581699728965759,112.99600219726562
2017-11-01,115.17897033691406,0.858240008354187,113.6500015258789
2017-11-02,115.33110809326172,0.8599399924278259,114.1520004272461
2017-11-03,115.4663314819336,0.8575000166893005,114.01599884033203
2017-11-06,116.3790283203125,0.8609600067138672,114.1780014038086
2017-11-07,117.30865478515625,0.8611299991607666,113.77100372314453
2017-11-08,116.02407836914062,0.8619899749755859,113.76100158691406
2017-11-09,114.37611389160156,0.8622999787330627,113.927001953125
2017-11-10,115.33953857421875,0.8586000204086304,113.375
2017-11-13,115.38178253173828,0.8575500249862671,113.68599700927734
2017-11-14,116.23535919189453,0.8572700023651123,113.58499908447266
2017-11-15,113.32823944091797,0.8479700088500977,113.4020004272461
2017-11-16,115.23812103271484,,
2017-11-17,115.04376983642578,0.8490800261497498,113.02799987792969
2017-11-20,115.70292663574219,0.8523799777030945,112.03800201416016
2017-11-21,116.28607940673828,0.8517000079154968,112.5510025024414
2017-11-22,116.63256072998047,0.8519899845123291,112.34100341796875
2017-11-23,,0.8464000225067139,111.31300354003906
2017-11-24,116.10860443115234,0.8435999751091003,111.25399780273438
2017-11-27,115.9395751953125,0.8384699821472168,111.6709976196289
2017-11-28,117.46076202392578,0.8399900197982788,111.16999816894531
2017-11-29,116.67481231689453,0.8440200090408325,111.64800262451172
2017-11-30,119.28618621826172,0.8437399864196777,112.00199890136719
2017-12-01,119.59886932373047,0.8404600024223328,112.55599975585938
2017-12-04,119.58196258544922,0.8431800007820129,112.86399841308594
2017-12-05,118.43260192871094,0.8426200151443481,112.4990005493164
2017-12-06,118.60163116455078,0.8450999855995178,112.46399688720703
2017-12-07,120.75665283203125,0.8471500277519226,112.29100036621094
2017-12-08,121.5763931274414,0.8494600057601929,113.1729965209961
2017-12-11,121.50033569335938,0.84961998462677,113.54299926757812
2017-12-12,121.2045669555664,0.8490700125694275,113.54000091552734
2017-12-13,125.55685424804688,0.8515999913215637,113.54499816894531
2017-12-14,123.62154388427734,0.8448899984359741,112.78199768066406
2017-12-15,123.96806335449219,0.8492599725723267,112.39600372314453
2017-12-18,126.57099151611328,0.8515300154685974,112.71600341796875
2017-12-19,127.53437042236328,0.8485900163650513,112.56800079345703
2017-12-20,128.8949432373047,0.8445000052452087,112.98300170898438
2017-12-21,130.6865692138672,0.8418800234794617,113.24099731445312
2017-12-22,131.6246795654297,0.8433600068092346,113.322998046875
2017-12-25,,0.8434500098228455,113.30799865722656
2017-12-26,132.20779418945312,0.8422799706459045,113.3030014038086
2017-12-27,133.1204833984375,0.8433200120925903,113.2030029296875
2017-12-28,133.881103515625,0.8402799963951111,113.21700286865234
2017-12-29,133.17124938964844,0.8374000191688538,112.875
2018-01-01,,0.8329899907112122,112.66600036621094
2018-01-02,132.71484375,0.8325300216674805,112.7699966430664
2018-01-03,132.9176788330078,0.8289499878883362,112.24400329589844
2018-01-04,134.7430877685547,0.832610011100769,112.60700225830078
2018-01-05,136.87274169921875,0.8285800218582153,112.78299713134766
2018-01-08,140.31234741210938,0.8307399749755859,113.15399932861328
2018-01-09,140.6503448486328,0.8353899717330933,113.14099884033203
2018-01-10,140.1770477294922,0.8382700085639954,112.75499725341797
2018-01-11,142.99130249023438,0.8363900184631348,111.44400024414062
2018-01-12,143.9208984375,0.8304200172424316,111.29399871826172
2018-01-15,,0.8201900124549866,111.0999984741211
2018-01-16,143.08425903320312,0.8151000142097473,110.58100128173828
2018-01-17,142.39971923828125,0.8149099946022034,110.38800048828125
2018-01-18,142.67857360839844,0.8207499980926514,111.3759994506836
2018-01-19,144.68228149414062,0.8172199726104736,111.0260009765625
2018-01-22,145.08985900878906,0.8159599900245667,110.68399810791016
2018-01-23,143.85025024414062,0.8159099817276001,110.96600341796875
2018-01-24,142.92481994628906,0.8123300075531006,110.10700225830078
2018-01-25,143.79928588867188,0.8070300221443176,109.32599639892578
2018-01-26,141.8380584716797,0.8069499731063843,109.7040023803711
2018-01-29,138.0344696044922,0.8046299815177917,108.63899993896484
2018-01-30,139.03627014160156,0.8076800107955933,108.9260025024414
2018-01-31,138.20425415039062,0.8058300018310547,108.73200225830078
2018-02-01,137.7457733154297,0.8052399754524231,109.20099639892578
2018-02-02,133.71292114257812,0.7993599772453308,109.40599822998047
2018-02-05,128.27069091796875,0.803409993648529,110.03500366210938
2018-02-06,132.7959747314453,0.8085500001907349,109.09500122070312
2018-02-07,131.03848266601562,0.807669997215271,109.62699890136719
2018-02-08,123.94914245605469,0.8151199817657471,109.19599914550781
2018-02-09,126.68299102783203,0.8156099915504456,108.52899932861328
2018-02-12,129.2979736328125,0.8161399960517883,108.80000305175781
2018-02-13,130.72433471679688,0.8127599954605103,108.69000244140625
2018-02-14,134.1968536376953,0.809469997882843,107.76399993896484
2018-02-15,135.8269500732422,0.8021000027656555,106.58699798583984
2018-02-16,132.69407653808594,0.7997699975967407,106.11100006103516
2018-02-19,,0.805679976940155,106.26100158691406
2018-02-20,132.07424926757812,0.8065400123596191,106.70899963378906
2018-02-21,131.79405212402344,0.8106799721717834,107.38099670410156
2018-02-22,134.8760986328125,0.8142099976539612,107.55500030517578
2018-02-23,137.8900909423828,0.8112499713897705,106.81400299072266
2018-02-26,138.9768829345703,0.8138599991798401,107.0739974975586
2018-02-27,136.91371154785156,0.8119800090789795,107.06900024414062
2018-02-28,131.28468322753906,0.8176400065422058,107.4260025024414
2018-03-01,127.54893493652344,0.8202599883079529,106.63999938964844
2018-03-02,124.28024291992188,0.8149399757385254,106.16300201416016
2018-03-05,128.30465698242188,0.8119900226593018,105.55599975585938
2018-03-06,130.5375518798828,0.8105999827384949,106.25
2018-03-07,128.63571166992188,0.8053699731826782,105.53700256347656
2018-03-08,130.40171813964844,0.8054999709129333,106.18599700927734
2018-03-09,134.35818481445312,0.8125699758529663,106.40599822998047
2018-03-12,131.17431640625,0.8124300241470337,106.89099884033203
2018-03-13,130.4866180419922,0.8104000091552734,106.26000213623047
2018-03-14,129.51022338867188,0.8069499731063843,106.50800323486328
2018-03-15,131.2337646484375,0.8080400228500366,106.15499877929688
2018-03-16,132.83840942382812,0.8123999834060669,106.30899810791016
2018-03-19,129.17909240722656,0.8142799735069275,105.96900177001953
2018-03-20,130.80078125,0.8105800151824951,105.99600219726562
2018-03-21,132.27801513671875,0.8162000179290771,106.46900177001953
2018-03-22,124.72171020507812,0.8098700046539307,105.92900085449219
2018-03-23,122.50577545166016,0.8113600015640259,104.96800231933594
2018-03-26,126.66596984863281,0.8094300031661987,104.85900115966797
2018-03-27,124.79812622070312,0.8027300238609314,105.5
2018-03-28,123.24442291259766,0.8059399724006653,105.49299621582031
2018-03-29,125.12925720214844,0.8123300075531006,106.81199645996094
2018-03-30,,0.8128200173377991,106.47899627685547
2018-04-02,122.16614532470703,0.8120700120925903,106.31199645996094
2018-04-03,123.15953063964844,0.8134899735450745,105.79900360107422
2018-04-04,123.26140594482422,0.8144299983978271,106.43599700927734
2018-04-05,125.76600646972656,0.8138800263404846,106.77400207519531
2018-04-06,121.40202331542969,0.8162199854850769,107.052001953125
2018-04-09,121.47846984863281,0.8148999810218811,106.96800231933594
2018-04-10,125.7320327758789,0.8115299940109253,106.7490005493164
2018-04-11,124.62832641601562,0.8088600039482117,107.11299896240234
2018-04-12,127.47254943847656,0.8083000183105469,106.8290023803711
2018-04-13,127.54893493652344,0.8110499978065491,107.22200012207031
2018-04-16,129.17063903808594,0.8108599781990051,107.49800109863281
2018-04-17,130.16397094726562,0.807420015335083,107.0459976196289
2018-04-18,132.40536499023438,0.8082000017166138,107.01599884033203
2018-04-19,132.19314575195312,0.8078100085258484,107.34600067138672
2018-04-20,130.7681427001953,0.8100100159645081,107.43199920654297
2018-04-23,131.39956665039062,0.814769983291626,107.86900329589844
2018-04-24,123.25057983398438,0.8190699815750122,108.76100158691406
2018-04-25,123.89054870605469,0.8169000148773193,108.8030014038086
2018-04-26,124.84622192382812,0.8215799927711487,109.36399841308594
2018-04-27,123.48947143554688,0.8257899880409241,109.30000305175781
2018-04-30,123.18231964111328,0.8248900175094604,109.0979995727539
2018-05-01,123.23347473144531,0.8277300000190735,109.322998046875
2018-05-02,122.75564575195312,0.8339200019836426,109.87200164794922
2018-05-03,122.6874008178711,0.8367499709129333,109.8270034790039
2018-05-04,124.89741516113281,0.8340799808502197,109.09600067138672
2018-05-07,127.84131622314453,0.8364700078964233,109.14600372314453
2018-05-08,127.9352035522461,0.8379600048065186,108.94300079345703
2018-05-09,130.22201538085938,0.8426100015640259,109.02400207519531
2018-05-10,131.38250732421875,0.8440799713134766,109.84700012207031
2018-05-11,132.1419677734375,0.8391000032424927,109.43599700927734
2018-05-14,132.50033569335938,0.8366699814796448,109.33799743652344
2018-05-15,130.20497131347656,0.8381400108337402,109.73100280761719
2018-05-16,131.2374725341797,0.8459600210189819,110.2969970703125
2018-05-17,131.14356994628906,0.8462399840354919,110.35900115966797
2018-05-18,132.86721801757812,0.8478000164031982,110.8280029296875
2018-05-21,135.60638427734375,0.8498600125312805,110.87999725341797
2018-05-22,133.28536987304688,0.8479999899864197,110.97799682617188
2018-05-23,134.59947204589844,0.8482800126075745,110.72599792480469
2018-05-24,134.56532287597656,0.8539599776268005,109.86900329589844
2018-05-25,132.98670959472656,0.8530499935150146,109.31199645996094
2018-05-28,,0.8555099964141846,109.62300109863281
2018-05-29,131.08387756347656,0.860069990158081,109.38899993896484
2018-05-30,132.65396118164062,0.866599977016449,108.39399719238281
2018-05-31,129.624755859375,0.8571000099182129,108.71199798583984
2018-06-01,130.99855041503906,0.8551999926567078,108.7490005493164
2018-06-04,130.128173828125,0.8569999933242798,109.5979995727539
2018-06-05,130.5633544921875,0.8546599745750427,109.96299743652344
2018-06-06,133.5498809814453,0.8527899980545044,109.85900115966797
2018-06-07,133.36215209960938,0.8485000133514404,110.125
2018-06-08,132.5344696044922,0.8478000164031982,109.69400024414062
2018-06-11,133.3707275390625,0.848609983921051,109.44300079345703
2018-06-12,134.3861541748047,0.8493199944496155,110.38600158691406
2018-06-13,132.01397705078125,0.8511899709701538,110.4520034790039
2018-06-14,130.6742401123047,0.8468999862670898,110.24199676513672
2018-06-15,128.01199340820312,0.8645600080490112,110.6449966430664
2018-06-18,126.86859130859375,0.8623700141906738,110.61699676513672
2018-06-19,122.27778625488281,0.859790027141571,110.13800048828125
2018-06-20,122.13275909423828,0.8629199862480164,110.07099914550781
2018-06-21,119.06084442138672,0.8636299967765808,110.35199737548828
2018-06-22,119.41070556640625,0.8616399765014648,109.9520034790039
2018-06-25,116.54365539550781,0.8575299978256226,109.93699645996094
2018-06-26,115.65620422363281,0.8544999957084656,109.64299774169922
2018-06-27,114.86261749267578,0.8583499789237976,110.09700012207031
2018-06-28,116.07433319091797,0.8647800087928772,110.21499633789062
2018-06-29,115.76712036132812,0.8648300170898438,110.48600006103516
2018-07-02,116.29618835449219,0.8562700152397156,110.70999908447266
2018-07-03,114.19707489013672,0.8589500188827515,110.87100219726562
2018-07-04,,0.8576899766921997,110.40799713134766
2018-07-05,115.88656616210938,0.8574600219726562,110.50199890136719
2018-07-06,115.5452651977539,0.8550000190734863,110.5790023803711
2018-07-09,120.28963470458984,0.8508999943733215,110.4219970703125
2018-07-10,120.5285415649414,0.8505600094795227,110.9530029296875
2018-07-11,116.69719696044922,0.8527299761772156,110.83100128173828
2018-07-12,118.96700286865234,0.8564000129699707,111.95800018310547
2018-07-13,120.10186767578125,0.857200026512146,112.66500091552734
2018-07-16,117.82353973388672,0.8562300205230713,112.39900207519531
2018-07-17,118.56593322753906,0.8540099859237671,112.3740005493164
2018-07-18,120.4175796508789,0.8581299781799316,113.01200103759766
2018-07-19,119.69644165039062,0.8586900234222412,112.79100036621094
2018-07-20,117.46426391601562,0.857990026473999,112.36299896240234
2018-07-23,117.00066375732422,0.8516499996185303,111.0530014038086
2018-07-24,118.45156860351562,0.8551300168037415,111.45999908447266
2018-07-25,120.60650634765625,0.8557599782943726,111.24099731445312
2018-07-26,122.40940856933594,0.8519700169563293,110.84500122070312
2018-07-27,122.39224243164062,0.8588899970054626,111.14600372314453
2018-07-30,119.97978973388672,0.8575999736785889,110.93399810791016
2018-07-31,123.45679473876953,0.8541600108146667,110.99400329589844
2018-08-01,118.9409408569336,0.855459988117218,111.80799865722656
2018-08-02,118.48592376708984,0.857200026512146,111.62000274658203
2018-08-03,118.91520690917969,0.8631100058555603,111.69000244140625
2018-08-06,119.7479476928711,0.8648800253868103,111.23400115966797
2018-08-07,122.23765563964844,0.8651999831199646,111.33999633789062
2018-08-08,119.94544219970703,0.8618500232696533,111.34500122070312
2018-08-09,118.92375946044922,0.861270010471344,110.89199829101562
2018-08-10,116.69158172607422,0.8677600026130676,111.09100341796875
2018-08-13,115.91890716552734,0.8776000142097473,110.62899780273438
2018-08-14,115.83306121826172,0.8769999742507935,110.66100311279297
2018-08-15,113.34332275390625,0.8813899755477905,111.24600219726562
2018-08-16,116.98347473144531,0.8815000057220459,110.57599639892578
2018-08-17,119.62779235839844,0.8794000148773193,111.00399780273438
2018-08-20,119.05253601074219,0.8743000030517578,110.4749984741211
2018-08-21,120.18577575683594,0.8702200055122375,109.947998046875
2018-08-22,119.87674713134766,0.8637999892234802,110.13400268554688
2018-08-23,117.43849182128906,0.8632000088691711,110.58799743652344
2018-08-24,118.65763854980469,0.8662999868392944,111.36699676513672
2018-08-27,121.9457778930664,0.8584499955177307,111.28199768066406
2018-08-28,121.91149139404297,0.85589998960495,111.13700103759766
2018-08-29,121.791259765625,0.8553400039672852,111.16200256347656
2018-08-30,119.38739776611328,0.8539900183677673,111.71199798583984
2018-08-31,119.20706176757812,0.8572900295257568,110.9990005493164
2018-09-03,,0.8619899749755859,111.14399719238281
2018-09-04,118.68338775634766,0.8609200119972229,111.08799743652344
2018-09-05,120.7009048461914,0.863070011138916,111.46099853515625
2018-09-06,121.54230499267578,0.8594599962234497,111.4489974975586
2018-09-07,121.32766723632812,0.8605800271034241,110.49500274658203
2018-09-10,121.95439147949219,0.8649700284004211,110.91999816894531
2018-09-11,121.93721771240234,0.8623700141906738,111.14800262451172
2018-09-12,123.868896484375,0.8623600006103516,111.60700225830078
2018-09-13,124.95069885253906,0.8598999977111816,111.22000122070312
2018-09-14,124.40117645263672,0.8553000092506409,112.01200103759766
2018-09-17,125.53447723388672,0.8599200248718262,111.9530029296875
2018-09-18,127.98126220703125,0.8569599986076355,111.69000244140625
2018-09-19,131.14923095703125,0.8561699986457825,112.2770004272461
2018-09-20,133.93093872070312,0.8565599918365479,112.31700134277344
2018-09-21,134.2571258544922,0.8491899967193604,112.49500274658203
2018-09-24,132.21383666992188,0.8509899973869324,112.52400207519531
2018-09-25,132.29110717773438,0.850849986076355,112.78600311279297
2018-09-26,131.501220703125,0.8501099944114685,112.96900177001953
2018-09-27,130.9002685546875,0.851170003414154,112.7040023803711
2018-09-28,130.91744995117188,0.8593000173568726,113.35700225830078
2018-10-01,130.73716735839844,0.8616700172424316,113.7959976196289
2018-10-02,132.91786193847656,0.8637400269508362,113.94599914550781
2018-10-03,135.8368377685547,0.8656700253486633,113.5770034790039
2018-10-04,134.5747833251953,0.8713600039482117,114.48600006103516
2018-10-05,131.6214141845703,0.8682000041007996,113.89399719238281
2018-10-08,131.6558074951172,0.8678600192070007,113.71499633789062
2018-10-09,128.31610107421875,0.8700100183486938,113.09700012207031
2018-10-10,123.38814544677734,0.8690400123596191,112.99800109863281
2018-10-11,121.02718353271484,0.8670499920845032,112.09200286865234
2018-10-12,121.97157287597656,0.862779974937439,112.08000183105469
2018-10-15,121.73973846435547,0.8657000064849854,112.19200134277344
2018-10-16,123.37953186035156,0.8633000254631042,111.84100341796875
2018-10-17,121.3448486328125,0.8639100193977356,112.34200286865234
2018-10-18,116.58858489990234,0.8694999814033508,112.62799835205078
2018-10-19,113.46085357666016,0.8726000189781189,112.18499755859375
2018-10-22,111.2058334350586,0.8688499927520752,112.4800033569336
2018-10-23,102.7990951538086,0.871999979019165,112.75700378417969
2018-10-24,97.06208801269531,0.8715999722480774,112.44400024414062
2018-10-25,99.90467834472656,0.8772500157356262,112.01200103759766
2018-10-26,99.40355682373047,0.8788999915122986,112.3499984741211
2018-10-29,98.47905731201172,0.8772900104522705,111.90799713134766
2018-10-30,101.48580169677734,0.8790299892425537,112.3239974975586
2018-10-31,104.82085418701172,0.8813400268554688,113.052001953125
2018-11-01,107.74118041992188,0.883650004863739,112.85099792480469
2018-11-02,108.68294525146484,0.8769400119781494,112.71499633789062
2018-11-05,109.21861267089844,0.8773800134658813,113.13899993896484
2018-11-06,111.74149322509766,0.8762000203132629,113.24600219726562
2018-11-07,116.72679138183594,0.874239981174469,113.36299896240234
2018-11-08,113.52135467529297,0.8745800256729126,113.5469970703125
2018-11-09,109.65062713623047,0.8796300292015076,113.9530029296875
2018-11-12,108.00037384033203,0.8830000162124634,113.84600067138672
2018-11-13,108.82980346679688,0.8902000188827515,113.69599914550781
2018-11-14,108.08677673339844,0.8840799927711487,113.78900146484375
2018-11-15,111.81926727294922,0.8840299844741821,113.56400299072266
2018-11-16,112.28585052490234,0.8830100297927856,113.55500030517578
2018-11-19,108.84709930419922,0.8761199712753296,112.7300033569336
2018-11-20,105.64164733886719,0.872979998588562,112.44300079345703
2018-11-21,107.02405548095703,0.8793200254440308,112.7030029296875
2018-11-22,,0.8780900239944458,113.02100372314453
2018-11-23,105.6848373413086,0.8769500255584717,112.97799682617188
2018-11-26,107.82758331298828,0.8820400238037109,112.91899871826172
2018-11-27,107.65475463867188,0.8823500275611877,113.50399780273438
2018-11-28,112.98566436767578,0.8850499987602234,113.76699829101562
2018-11-29,112.51910400390625,0.8796200156211853,113.55500030517578
2018-11-30,117.21925354003906,0.8777499794960022,113.41100311279297
2018-12-03,120.05321502685547,0.881659984588623,113.76300048828125
2018-12-04,111.73286437988281,0.8806800246238708,113.58699798583984
2018-12-05,,0.8816099762916565,112.6989974975586
2018-12-06,110.91207885742188,0.8811299800872803,113.0510025024414
2018-12-07,106.74755859375,0.8791400194168091,112.68900299072266
2018-12-10,106.60932922363281,0.8771200180053711,112.50199890136719
2018-12-11,106.47972106933594,0.8805500268936157,113.18099975585938
2018-12-12,108.32005310058594,0.8831499814987183,113.38400268554688
2018-12-13,108.7779769897461,0.8792399764060974,113.28500366210938
2018-12-14,109.52965545654297,0.8799999952316284,113.55999755859375
2018-12-17,107.54244995117188,0.8844900131225586,113.38999938964844
2018-12-18,107.3696517944336,0.8810700178146362,112.8290023803711
2018-12-19,105.69347381591797,0.8790900111198425,112.52400207519531
2018-12-20,105.01956939697266,0.878000020980835,112.41000366210938
2018-12-21,103.74083709716797,0.8728399872779846,111.1709976196289
2018-12-24,101.04515075683594,0.879289984703064,111.05400085449219
2018-12-25,,0.8768900036811829,110.31099700927734
2018-12-26,107.79301452636719,0.8759999871253967,110.4020004272461
2018-12-27,109.44324493408203,0.8801800012588501,111.20600128173828
2018-12-28,108.52739715576172,0.874809980392456,110.8550033569336
2018-12-31,109.78887176513672,0.8741300106048584,110.33000183105469
2019-01-01,,0.8700900077819824,109.62999725341797
2019-01-02,109.19268798828125,0.8724700212478638,109.66799926757812
2019-01-03,104.98500061035156,0.8835399746894836,107.44100189208984
2019-01-04,110.72196960449219,0.8778799772262573,107.80799865722656
2019-01-07,110.79110717773438,0.8763899803161621,108.52200317382812
2019-01-08,112.12167358398438,0.8711000084877014,108.61599731445312
2019-01-09,112.55369567871094,0.8729000091552734,108.7760009765625
2019-01-10,114.87783813476562,0.8654299974441528,108.18900299072266
2019-01-11,114.13480377197266,0.8687999844551086,108.2979965209961
2019-01-14,113.8755874633789,0.8725900053977966,108.45800018310547
2019-01-15,112.91654205322266,0.8716199994087219,108.25
2019-01-16,113.75464630126953,0.8758999705314636,108.64399719238281
2019-01-17,116.24296569824219,0.8773400187492371,109.03700256347656
2019-01-18,118.78208923339844,0.8777599930763245,109.15299987792969
2019-01-21,,0.8798499703407288,109.66100311279297
2019-01-22,114.99080657958984,0.8795599937438965,109.66999816894531
2019-01-23,114.6255874633789,0.8799700140953064,109.3550033569336
2019-01-24,115.41688537597656,0.8780999779701233,109.49199676513672
2019-01-25,119.00818634033203,0.883899986743927,109.59700012207031
2019-01-28,108.1473388671875,0.8761900067329407,109.4000015258789
2019-01-29,110.02559661865234,0.8748900294303894,109.25399780273438
2019-01-30,113.1386489868164,0.8744800090789795,109.41699981689453
2019-01-31,115.7907943725586,0.8705000281333923,108.98100280761719
2019-02-01,113.83429718017578,0.8733999729156494,108.84400177001953
2019-02-04,113.80818176269531,0.8729599714279175,109.43800354003906
2019-02-05,114.78211212158203,0.8744099736213684,109.96099853515625
2019-02-06,113.5125503540039,0.8764299750328064,109.94100189208984
2019-02-07,111.98210906982422,0.8798199892044067,109.9739990234375
2019-02-08,111.82559967041016,0.8819299936294556,109.75599670410156
2019-02-11,112.11254119873047,0.8830599784851074,109.80999755859375
2019-02-12,115.36469268798828,0.8866000175476074,110.4000015258789
2019-02-13,115.73860931396484,0.8822500109672546,110.51499938964844
2019-02-14,115.32124328613281,0.8877099752426147,110.9229965209961
2019-02-15,118.43425750732422,0.8853200078010559,110.53800201416016
2019-02-18,,0.8851100206375122,110.56400299072266
2019-02-19,118.08645629882812,0.8840199708938599,110.59100341796875
2019-02-20,122.00819396972656,0.881600022315979,110.5719985961914
2019-02-21,120.76470184326172,0.8813400268554688,110.76499938964844
2019-02-22,120.59075164794922,0.881600022315979,110.70800018310547
2019-02-25,122.96465301513672,0.881659984588623,110.77200317382812
2019-02-26,119.9820785522461,0.8797000050544739,111.0459976196289
2019-02-27,121.3733901977539,0.8777199983596802,110.55599975585938
2019-02-28,119.4255599975586,0.8787199854850769,110.86199951171875
2019-03-01,119.53862762451172,0.8792399764060974,111.35700225830078
2019-03-04,120.30384826660156,0.8790500164031982,111.93800354003906
2019-03-05,119.25165557861328,0.8820400238037109,111.7770004272461
2019-03-06,117.24298858642578,0.8844000101089478,111.86599731445312
2019-03-07,115.4777603149414,0.8838599920272827,111.62300109863281
2019-03-08,114.21686553955078,0.892989993095398,111.63400268554688
2019-03-11,115.74729919433594,0.89028000831604,111.08000183105469
2019-03-12,115.19947052001953,0.888159990310669,111.34200286865234
2019-03-13,116.08644104003906,0.8859400153160095,111.30599975585938
2019-03-14,116.25167083740234,0.8825299739837646,111.19599914550781
2019-03-15,115.36469268798828,0.8842999935150146,111.75299835205078
2019-03-18,116.60816192626953,0.8834099769592285,111.56099700927734
2019-03-19,116.65165710449219,0.8821300268173218,111.37300109863281
2019-03-20,115.66036224365234,0.8806800246238708,111.4010009765625
2019-03-21,116.5733871459961,0.8750500082969666,110.66000366210938
2019-03-22,112.84298706054688,0.8791199922561646,110.80599975585938
2019-03-25,114.24299621582031,0.8852800130844116,110.08100128173828
2019-03-26,114.64295959472656,0.8837199807167053,110.06800079345703
2019-03-27,114.08646392822266,0.886929988861084,110.55400085449219
2019-03-28,115.10382843017578,0.8887500166893005,110.48999786376953
2019-03-29,117.81686401367188,0.890470027923584,110.63700103759766
2019-04-01,121.95594024658203,0.8909599781036377,110.99500274658203
2019-04-02,121.90381622314453,0.8924000263214111,111.45099639892578
2019-04-03,121.09510040283203,0.892549991607666,111.30500030517578
2019-04-04,121.85167694091797,0.8891299962997437,111.3949966430664
2019-04-05,122.05165100097656,0.8907999992370605,111.65799713134766
2019-04-08,121.58210754394531,0.8913000226020813,111.71099853515625
2019-04-09,118.56471252441406,0.8883799910545349,111.45600128173828
2019-04-10,119.59078216552734,0.8875499963760376,111.1050033569336
2019-04-11,120.75599670410156,0.8867999911308289,110.98500061035156
2019-04-12,122.78205871582031,0.8880400061607361,111.62100219726562
2019-04-15,121.95594024658203,0.8845599889755249,112.02799987792969
2019-04-16,123.50379180908203,0.8845700025558472,111.94300079345703
2019-04-17,124.12118530273438,0.8861299753189087,111.99299621582031
2019-04-18,125.41592407226562,0.8851799964904785,112.03600311279297
2019-04-19,,0.8899999856948853,111.98899841308594
2019-04-22,124.55863952636719,0.8893200159072876,111.91000366210938
2019-04-23,124.25241088867188,0.8881800174713135,111.92900085449219
2019-04-24,120.4906234741211,0.8909199833869934,111.87699890136719
2019-04-25,119.09091186523438,0.8965799808502197,112.12999725341797
2019-04-26,121.62792205810547,0.8979200124740601,111.53900146484375
2019-04-29,121.61915588378906,0.89683997631073,111.59300231933594
2019-04-30,121.9690933227539,0.8940399885177612,111.677001953125
2019-05-01,120.85804748535156,0.8915799856185913,111.3949966430664
2019-05-02,118.2510757446289,0.8927900195121765,111.4520034790039
2019-05-03,121.65414428710938,0.8949699997901917,111.49500274658203
2019-05-06,119.6420669555664,0.8939899802207947,110.62300109863281
2019-05-07,116.93880462646484,0.8927099704742432,110.80500030517578
2019-05-08,115.4341049194336,0.8935700058937073,110.25700378417969
2019-05-09,114.77799987792969,0.892989993095398,110.02799987792969
2019-05-10,114.90046691894531,0.8910999894142151,109.80699920654297
2019-05-13,109.61649322509766,0.889959990978241,109.65399932861328
2019-05-14,111.51483917236328,0.8902699947357178,109.15399932861328
2019-05-15,111.36615753173828,0.8924999833106995,109.6709976196289
2019-05-16,110.76248931884766,0.8922799825668335,109.4749984741211
2019-05-17,107.39439392089844,0.8949699997901917,109.87100219726562
2019-05-20,107.10570526123047,0.8956300020217896,110.16000366210938
2019-05-21,109.31027221679688,0.8953700065612793,110.06999969482422
2019-05-22,108.09425354003906,,
2019-05-23,106.95699310302734,0.8964200019836426,110.22100067138672
2019-05-24,107.51688385009766,0.8940899968147278,109.55799865722656
2019-05-27,,0.8920900225639343,109.4010009765625
2019-05-28,106.370849609375,0.8933500051498413,109.50900268554688
2019-05-29,106.27460479736328,0.8952000141143799,109.34600067138672
2019-05-30,106.58955383300781,0.8978800177574158,109.54199981689453
2019-05-31,104.81364440917969,0.8983799815177917,109.35700225830078
2019-06-03,105.54849243164062,0.8949300050735474,108.21199798583984
2019-06-04,106.79952239990234,0.8891800045967102,108.0270004272461
2019-06-05,107.70934295654297,0.8885700106620789,108.25399780273438
2019-06-06,107.9455337524414,0.8905500173568726,108.3280029296875
2019-06-07,108.8816146850586,0.8867999911308289,108.4540023803711
2019-06-10,110.00138854980469,0.8833799958229065,108.4489974975586
2019-06-11,111.3486328125,0.8835399746894836,108.35900115966797
2019-06-12,111.19116973876953,0.8826500177383423,108.4739990234375
2019-06-13,111.25240325927734,0.8852999806404114,108.48799896240234
2019-06-14,111.3049087524414,0.886489987373352,108.32099914550781
2019-06-17,111.38365173339844,0.8914999961853027,108.57599639892578
2019-06-18,114.01687622070312,0.8909000158309937,108.53900146484375
2019-06-19,114.2618408203125,0.8930000066757202,108.572998046875
2019-06-20,116.90383911132812,0.8898000121116638,108.11499786376953
2019-06-21,117.13127136230469,0.8852999806404114,107.2770004272461
2019-06-24,117.55120849609375,0.8783699870109558,107.31199645996094
2019-06-25,116.97381591796875,0.8771700263023376,107.3270034790039
2019-06-26,118.23357391357422,0.8795099854469299,107.16600036621094
2019-06-27,118.5397720336914,0.8791400194168091,107.73799896240234
2019-06-28,119.2308578491211,0.8792799711227417,107.74700164794922
2019-07-01,119.50208282470703,0.8798999786376953,108.38200378417969
2019-07-02,118.84593963623047,0.8859400153160095,108.36599731445312
2019-07-03,118.61849212646484,0.8855000138282776,107.80500030517578
2019-07-04,,0.8859000205993652,107.77899932861328
2019-07-05,118.531005859375,0.8860700130462646,107.80799865722656
2019-07-08,117.96234130859375,0.8906800150871277,108.4739990234375
2019-07-09,117.4811782836914,0.8915799856185913,108.72100067138672
2019-07-10,116.0377426147461,0.8921999931335449,108.92400360107422
2019-07-11,117.19254302978516,0.888189971446991,108.33399963378906
2019-07-12,121.0417709350586,0.888700008392334,108.58799743652344
2019-07-15,122.1615982055664,0.88714998960495,107.83200073242188
2019-07-16,121.68040466308594,0.8879600167274475,107.88899993896484
2019-07-17,118.74097442626953,0.8918799757957458,108.20099639892578
2019-07-18,118.006103515625,0.890500009059906,107.93699645996094
2019-07-19,120.09542083740234,0.8879799842834473,107.4010009765625
2019-07-22,119.22266387939453,0.8913999795913696,107.80999755859375
2019-07-23,121.74394989013672,0.8923699855804443,107.90399932861328
2019-07-24,116.28706359863281,0.8967599868774414,108.23200225830078
2019-07-25,118.75542449951172,0.8974699974060059,108.18900299072266
2019-07-26,117.17745208740234,0.8971700072288513,108.66600036621094
2019-07-29,118.53504180908203,0.8982999920845032,108.63300323486328
2019-07-30,117.20387268066406,0.8974199891090393,108.86599731445312
2019-07-31,116.07550048828125,0.8962200284004211,108.56199645996094
2019-08-01,111.77344512939453,0.9031999707221985,108.81999969482422
2019-08-02,109.7899398803711,0.9026200175285339,107.43099975585938
2019-08-05,107.24221801757812,0.9002500176429749,106.5770034790039
2019-08-06,107.62129974365234,0.8893799781799316,105.59300231933594
2019-08-07,106.47525024414062,0.892300009727478,106.33699798583984
2019-08-08,107.56838989257812,0.8925099968910217,106.12100219726562
2019-08-09,105.2410659790039,0.8938800096511841,105.8740005493164
2019-08-12,102.8961181640625,0.8921800255775452,105.38200378417969
2019-08-13,104.91490936279297,0.8913999795913696,105.35800170898438
2019-08-14,101.5649642944336,0.8946899771690369,106.58999633789062
2019-08-15,101.6002197265625,0.8974000215530396,105.91600036621094
2019-08-16,102.64044952392578,0.8998000025749207,106.08300018310547
2019-08-19,103.46031188964844,0.9014000296592712,106.43000030517578
2019-08-20,102.8520278930664,0.9022700190544128,106.5739974975586
2019-08-21,103.74240112304688,0.9010800123214722,106.27400207519531
2019-08-22,103.92753601074219,0.9016500115394592,106.59700012207031
2019-08-23,100.55113220214844,0.9021999835968018,106.46800231933594
2019-08-26,100.86852264404297,0.8974199891090393,104.85199737548828
2019-08-27,99.95167541503906,0.900600016117096,105.97799682617188
2019-08-28,101.25641632080078,0.9017099738121033,105.73799896240234
2019-08-29,103.82173156738281,0.9020500183105469,106.06999969482422
2019-08-30,104.90607452392578,0.9039999842643738,106.43800354003906
2019-09-02,,0.9097700119018555,106.12799835205078
2019-09-03,103.16940307617188,0.9117000102996826,106.19300079345703
2019-09-04,104.99423217773438,0.9111999869346619,105.86100006103516
2019-09-05,108.42351531982422,0.9062100052833557,106.32499694824219
2019-09-06,108.16785430908203,0.9060999751091003,107.0719985961914
2019-09-09,112.17897033691406,0.9073899984359741,106.94499969482422
2019-09-10,114.85891723632812,0.9051100015640259,107.33699798583984
2019-09-11,117.32732391357422,0.9049500226974487,107.5999984741211
2019-09-12,116.14599609375,0.9079800248146057,108.02100372314453
2019-09-13,117.93559265136719,0.9042999744415283,108.1760025024414
2019-09-16,117.38019561767578,0.9022499918937683,107.76499938964844
2019-09-17,116.51626586914062,0.9085999727249146,108.16100311279297
2019-09-18,115.54655456542969,0.9029600024223328,108.08699798583984
2019-09-19,114.70906066894531,0.906499981880188,108.42500305175781
2019-09-20,112.98117065429688,0.9050999879837036,108.04100036621094
2019-09-23,113.21041107177734,0.9075199961662292,107.6520004272461
2019-09-24,111.06819152832031,0.9096099734306335,107.61399841308594
2019-09-25,111.61477661132812,0.9077000021934509,107.16300201416016
2019-09-26,111.42083740234375,0.9129999876022339,107.69200134277344
2019-09-27,111.5971450805664,0.9155200123786926,107.75599670410156
2019-09-30,111.35031127929688,0.9138500094413757,107.94400024414062
2019-10-01,107.876953125,0.917460024356842,108.06900024414062
2019-10-02,105.75237274169922,0.9144999980926514,107.73699951171875
2019-10-03,105.82290649414062,0.9121000170707703,107.16300201416016
2019-10-04,106.7044677734375,0.9111300110816956,106.82599639892578
2019-10-07,106.0080337524414,0.9101999998092651,106.76399993896484
2019-10-08,103.9980697631836,0.9114000201225281,107.2509994506836
2019-10-09,105.2939682006836,0.9124000072479248,106.96099853515625
2019-10-10,108.15904998779297,0.910099983215332,107.1780014038086
2019-10-11,113.19275665283203,0.9081799983978271,107.87999725341797
2019-10-14,113.17515563964844,0.9066179990768433,108.45899963378906
2019-10-15,115.51126861572266,0.9067000150680542,108.38800048828125
2019-10-16,114.77076721191406,0.9062299728393555,108.81700134277344
2019-10-17,116.42810821533203,0.9029399752616882,108.677001953125
2019-10-18,116.13494110107422,0.8986999988555908,108.58100128173828
2019-10-21,117.48541259765625,0.896399974822998,108.40799713134766
2019-10-22,118.78263092041016,0.8967199921607971,108.60099792480469
2019-10-23,120.24864959716797,0.8985300064086914,108.48300170898438
2019-10-24,118.92476654052734,0.8982800245285034,108.64199829101562
2019-10-25,124.14911651611328,0.9005799889564514,108.60600280761719
2019-10-28,124.44230651855469,0.902180016040802,108.73400115966797
2019-10-29,125.57073211669922,0.9009699821472168,108.96399688720703
2019-10-30,124.69107818603516,0.8996999859809875,108.8740005493164
2019-10-31,122.43431854248047,0.8964999914169312,108.78900146484375
2019-11-01,128.3783416748047,0.8962900042533875,107.99600219726562
2019-11-04,130.5373992919922,0.8955299854278564,108.22000122070312
2019-11-05,130.04872131347656,0.8985900282859802,108.69400024414062
2019-11-06,129.26683044433594,0.902999997138977,109.14600372314453
2019-11-07,130.6173553466797,0.9033100008964539,108.91300201416016
2019-11-08,131.63909912109375,0.9074659943580627,109.27400207519531
2019-11-11,131.49697875976562,0.9072399735450745,109.22599792480469
2019-11-12,130.0220489501953,0.9061700105667114,109.04199981689453
2019-11-13,128.3783416748047,0.9080700278282166,108.99299621582031
2019-11-14,127.44540405273438,0.9079999923706055,108.7979965209961
2019-11-15,129.10690307617188,0.9074000120162964,108.49199676513672
2019-11-18,127.57869720458984,0.9045600295066833,108.6989974975586
2019-11-19,127.21440887451172,0.9031500220298767,108.66200256347656
2019-11-20,125.739501953125,0.9025269746780396,108.44499969482422
2019-11-21,127.3743667602539,0.9026200175285339,108.47799682617188
2019-11-22,127.83635711669922,0.9036800265312195,108.58499908447266
2019-11-25,130.09312438964844,0.907230019569397,108.7300033569336
2019-11-26,129.79994201660156,0.9078999757766724,108.99199676513672
2019-11-27,129.44456481933594,0.907230019569397,109.09700012207031
2019-11-28,,0.9086899757385254,109.36699676513672
2019-11-29,128.59158325195312,0.9081199765205383,109.51200103759766
2019-12-02,127.01895141601562,0.9075199961662292,109.53500366210938
2019-12-03,124.44230651855469,0.9025999903678894,109.02200317382812
2019-12-04,124.49561309814453,0.9021000266075134,108.65299987792969
2019-12-05,125.32192993164062,0.9022799730300903,108.83200073242188
2019-12-06,126.80569458007812,0.9004600048065186,108.73799896240234
2019-12-09,126.9034652709961,0.9042500257492065,108.62699890136719
2019-12-10,126.93900299072266,0.903751015663147,108.58200073242188
2019-12-11,127.94300842285156,0.9014899730682373,108.76399993896484
2019-12-12,130.41302490234375,0.8980000019073486,108.54900360107422
2019-12-13,129.3023681640625,0.8939700126647949,109.41300201416016
2019-12-16,129.1513671875,0.8989199995994568,109.4000015258789
2019-12-17,130.04872131347656,0.8979099988937378,109.57599639892578
2019-12-18,130.71507263183594,0.8967499732971191,109.51599884033203
2019-12-19,128.8492431640625,0.8996099829673767,109.5510025024414
2019-12-20,131.11492919921875,0.8988000154495239,109.38300323486328
2019-12-23,131.9412078857422,0.9025400280952454,109.4990005493164
2019-12-24,131.034912109375,0.9014000296592712,109.38200378417969
2019-12-25,,0.9017000198364258,109.38300323486328
2019-12-26,131.6924285888672,0.9012699723243713,109.36900329589844
2019-12-27,131.7457275390625,0.9008100032806396,109.54199981689453
2019-12-30,131.0704803466797,0.8942700028419495,109.4280014038086
2019-12-31,131.21263122558594,0.8926740288734436,108.87300109863281
2020-01-01,,0.8912000060081482,108.68099975585938
2020-01-02,133.744873046875,0.8912000060081482,108.71299743652344
2020-01-03,131.8878936767578,0.8951399922370911,108.54299926757812
2020-01-06,131.79904174804688,0.8959000110626221,107.96399688720703
2020-01-07,130.05763244628906,0.8930169939994812,108.40599822998047
2020-01-08,131.21263122558594,0.8964800238609314,108.01599884033203
2020-01-09,130.8838653564453,0.8998299837112427,109.03099822998047
2020-01-10,129.83546447753906,0.8999999761581421,109.50700378417969
2020-01-13,130.4485321044922,0.8995500206947327,109.56600189208984
2020-01-14,130.32415771484375,0.8980100154876709,109.99199676513672
2020-01-15,129.3379364013672,0.8984000086784363,109.85399627685547
2020-01-16,131.3814239501953,0.8965389728546143,109.88300323486328
2020-01-17,132.2224884033203,0.8977000117301941,110.17500305175781
2020-01-20,,0.9013400077819824,110.18000030517578
2020-01-21,130.49569702148438,0.9011499881744385,110.1729965209961
2020-01-22,127.61466979980469,0.9020699858665466,109.90799713134766
2020-01-23,127.72203063964844,0.9011899828910828,109.72799682617188
2020-01-24,125.60150909423828,0.9045500159263611,109.552001953125
2020-01-27,121.44107055664062,0.9070000052452087,108.802001953125
2020-01-28,122.34471130371094,0.9074599742889404,108.91999816894531
2020-01-29,121.48577880859375,0.907230019569397,109.13200378417969
2020-01-30,121.11894226074219,0.9077000021934509,108.98699951171875
2020-01-31,117.52216339111328,0.9066900014877319,108.87699890136719
2020-02-03,116.1084976196289,0.9017300009727478,108.37200164794922
2020-02-04,119.45476531982422,0.9039199948310852,108.61199951171875
2020-02-05,122.97103118896484,0.9052000045776367,109.4469985961914
2020-02-06,122.80106353759766,0.9089000225067139,109.81400299072266
2020-02-07,119.32949829101562,0.9104999899864197,109.96800231933594
2020-02-10,120.17950439453125,0.9132999777793884,109.6449966430664
2020-02-11,121.8526382446289,0.9162999987602234,109.76599884033203
2020-02-12,124.89469909667969,0.9157999753952026,109.84300231933594
2020-02-13,125.01104736328125,0.9194599986076355,109.84600067138672
2020-02-14,123.46312713623047,0.921999990940094,109.75800323486328
2020-02-17,,0.9223600029945374,109.79100036621094
2020-02-18,122.20159149169922,0.9225000143051147,109.83000183105469
2020-02-19,122.45210266113281,0.9263200163841248,109.91899871826172
2020-02-20,122.51471710205078,0.9250609874725342,111.20999908447266
2020-02-21,122.7652816772461,0.9269559979438782,111.9540023803711
2020-02-24,118.2558364868164,0.9225900173187256,111.55699920654297
2020-02-25,115.4195556640625,0.9217270016670227,110.85700225830078
2020-02-26,114.74850463867188,0.9189490079879761,110.28600311279297
2020-02-27,110.29277801513672,0.9186199903488159,110.36299896240234
2020-02-28,111.16065979003906,0.9093199968338013,109.66000366210938
2020-03-02,114.16693878173828,0.9048699736595154,107.6969985961914
2020-03-03,111.28593444824219,0.8973399996757507,108.48699951171875
2020-03-04,113.98799896240234,0.8944000005722046,107.03700256347656
2020-03-05,109.129638671875,0.8977400064468384,107.677001953125
2020-03-06,108.62860870361328,0.8909599781036377,106.24800109863281
2020-03-09,93.11404418945312,0.8782699704170227,103.93800354003906
2020-03-10,95.279296875,0.8773499727249146,103.11199951171875
2020-03-11,90.08988952636719,0.8836650252342224,105.0260009765625
2020-03-12,82.54736328125,0.8879799842834473,104.55000305175781
2020-03-13,89.15042114257812,0.8940600156784058,104.61000061035156
2020-03-16,83.57628631591797,0.8964300155639648,106.68800354003906
2020-03-17,89.65145111083984,0.895799994468689,106.17500305175781
2020-03-18,89.57989501953125,0.9078099727630615,107.37699890136719
2020-03-19,92.1656494140625,0.9122800230979919,108.36000061035156
2020-03-20,85.44627380371094,0.938319981098175,111.29100036621094
2020-03-23,82.18051147460938,0.9350699782371521,110.46199798583984
2020-03-24,90.67146301269531,0.9289699792861938,110.8270034790039
2020-03-25,93.65088653564453,0.9257000088691711,111.12000274658203
2020-03-26,98.86713409423828,0.9183099865913391,110.8759994506836
2020-03-27,94.33984375,0.9051200151443481,109.10900115966797
2020-03-30,99.94975280761719,0.8977400064468384,107.41300201416016
2020-03-31,103.82391357421875,0.9065799713134766,108.03500366210938
2020-04-01,99.62765502929688,0.9068999886512756,107.50800323486328
2020-04-02,104.45021057128906,0.9129400253295898,107.25700378417969
2020-04-03,102.59813690185547,0.9218800067901611,108.0009994506836
2020-04-06,107.75176239013672,0.9253299832344055,108.69300079345703
2020-04-07,109.08488464355469,0.925599992275238,109.11499786376953
2020-04-08,113.98799896240234,0.9178400039672852,108.6510009765625
2020-04-09,111.86750030517578,0.9204999804496765,108.9219970703125
2020-04-10,,0.9151300191879272,108.56099700927734
2020-04-13,102.1239242553711,0.9146900177001953,108.33599853515625
2020-04-14,104.21761322021484,0.9154999852180481,107.62300109863281
2020-04-15,99.78870391845703,0.9103000164031982,107.10399627685547
2020-04-16,101.30078887939453,0.9170020222663879,107.60900115966797
2020-04-17,105.01187133789062,0.9209399819374084,107.94499969482422
2020-04-20,103.47686767578125,0.9202200174331665,107.66999816894531
2020-04-21,99.18791198730469,0.9204000234603882,107.66899871826172
2020-04-22,99.9012451171875,0.9211099743843079,107.72100067138672
2020-04-23,101.950927734375,0.9251000285148621,107.81300354003906
2020-04-24,102.97122192382812,0.9279000163078308,107.66699981689453
2020-04-27,104.01863098144531,0.9239000082015991,107.49500274658203
2020-04-28,104.25340270996094,0.923799991607666,107.28299713134766
2020-04-29,108.40693664550781,0.9228000044822693,106.74099731445312
2020-04-30,105.08409881591797,0.9193500280380249,106.61000061035156
2020-05-01,100.11795043945312,0.9136199951171875,107.28500366210938
2020-05-04,97.26466369628906,0.9124400019645691,106.73799896240234
2020-05-05,98.33914947509766,0.9170699715614319,106.6969985961914
2020-05-06,97.2195053100586,0.9226300120353699,106.4520034790039
2020-05-07,96.87638854980469,0.9260500073432922,106.19100189208984
2020-05-08,101.22856903076172,0.9227499961853027,106.35900115966797
2020-05-11,98.06827545166016,0.9225500226020813,106.91899871826172
2020-05-12,94.80865478515625,0.9251199960708618,107.56600189208984
2020-05-13,94.3391342163086,0.9219300150871277,107.13800048828125
2020-05-14,95.88317108154297,0.9239000082015991,106.93299865722656
2020-05-15,97.44522094726562,0.9253299832344055,107.36499786376953
2020-05-18,103.85610961914062,0.9240999817848206,107.20800018310547
2020-05-19,101.20146942138672,0.916159987449646,107.38099670410156
2020-05-20,104.4610824584961,0.9150999784469604,107.80999755859375
2020-05-21,102.98928833007812,0.9104999899864197,107.59100341796875
2020-05-22,101.55360412597656,0.9129999876022339,107.63099670410156
2020-05-25,,0.9167749881744385,107.73500061035156
2020-05-26,106.01412963867188,0.9171789884567261,107.68699645996094
2020-05-27,110.53785705566406,0.9106000065803528,107.49099731445312
2020-05-28,109.02092742919922,0.9077000021934509,107.7979965209961
2020-05-29,108.47012329101562,0.9025999903678894,107.64299774169922
2020-06-01,108.80420684814453,0.899399995803833,107.70800018310547
2020-06-02,111.35050201416016,0.8988000154495239,107.5479965209961
2020-06-03,114.75457000732422,0.8937000036239624,108.80899810791016
2020-06-04,116.44308471679688,0.8899999856948853,108.9990005493164
2020-06-05,122.00520324707031,0.8820000290870667,109.1500015258789
2020-06-08,124.35282897949219,0.883430004119873,109.63400268554688
2020-06-09,121.16546630859375,0.8845199942588806,108.40899658203125
2020-06-10,119.58531951904297,0.8824399709701538,107.7969970703125
2020-06-11,109.75231170654297,0.879859983921051,106.98100280761719
2020-06-12,111.19700622558594,0.885890007019043,106.8030014038086
2020-06-15,111.61235809326172,0.888729989528656,107.31099700927734
2020-06-16,117.48147583007812,0.8820099830627441,107.46399688720703
2020-06-17,115.78395080566406,0.8876500129699707,107.41000366210938
2020-06-18,115.20606231689453,0.8894500136375427,106.89399719238281
2020-06-19,115.08868408203125,0.8919810056686401,107.00599670410156
2020-06-22,113.5807876586914,0.8946499824523926,106.83100128173828
2020-06-23,113.99612426757812,0.8865500092506409,106.90299987792969
2020-06-24,110.21280670166016,0.8839899897575378,106.43199920654297
2020-06-25,112.60559844970703,0.8888199925422668,107.04399871826172
2020-06-26,110.51078033447266,0.8910999894142151,107.15499877929688
2020-06-29,113.09319305419922,0.8907999992370605,107.21800231933594
2020-06-30,114.22185516357422,0.8891100287437439,107.58999633789062
2020-07-01,113.82454681396484,0.8899999856948853,107.98899841308594
2020-07-02,115.3234634399414,0.8887799978256226,107.36599731445312
2020-07-03,,0.8898500204086304,107.49700164794922
2020-07-06,116.86746215820312,0.8891100287437439,107.5790023803711
2020-07-07,114.8539047241211,0.8839499950408936,107.35900115966797
2020-07-08,115.69364929199219,0.886900007724762,107.5780029296875
2020-07-09,113.52658081054688,0.8819000124931335,107.28299713134766
2020-07-10,115.58527374267578,0.8859000205993652,107.23600006103516
2020-07-13,117.89682006835938,0.8841699957847595,106.91000366210938
2020-07-14,123.5943832397461,0.8814070224761963,107.2760009765625
2020-07-15,124.93071746826172,0.8763700127601624,107.24500274658203
2020-07-16,125.1113052368164,0.875872015953064,106.91699981689453
2020-07-17,124.53817749023438,0.8777999877929688,107.27799987792969
2020-07-20,122.47317504882812,0.8738999962806702,107.08999633789062
2020-07-21,123.6011962890625,0.8726999759674072,107.19599914550781
2020-07-22,124.6109619140625,0.8669999837875366,106.83200073242188
2020-07-23,124.26528930664062,0.8644000291824341,107.17500305175781
2020-07-24,125.15679168701172,0.8623600006103516,106.83799743652344
2020-07-27,127.25819396972656,0.8581799864768982,105.99299621582031
2020-07-28,125.56611633300781,0.8496699929237366,105.26100158691406
2020-07-29,127.84039306640625,0.8533300161361694,105.10700225830078
2020-07-30,124.38352966308594,0.8486899733543396,105.03199768066406
2020-07-31,120.8812026977539,0.8422999978065491,104.68299865722656
2020-08-03,119.88053894042969,0.8487300276756287,105.86599731445312
2020-08-04,119.64401245117188,0.8500999808311462,106.02999877929688
2020-08-05,122.78250122070312,0.8463500142097473,105.61399841308594
2020-08-06,122.25482940673828,0.8422600030899048,105.5530014038086
2020-08-07,122.73697662353516,0.8420000076293945,105.58100128173828
2020-08-10,129.19583129882812,0.8486999869346619,105.8499984741211
2020-08-11,129.6597900390625,0.8519499897956848,105.99199676513672
2020-08-12,129.69619750976562,0.8520399928092957,106.52100372314453
2020-08-13,127.9677734375,0.8479030132293701,106.8219985961914
2020-08-14,127.32189178466797,0.8462700247764587,106.98600006103516
2020-08-17,126.1938247680664,0.8436999917030334,106.55400085449219
2020-08-18,125.87545013427734,0.8420000076293945,105.99500274658203
2020-08-19,125.55708312988281,0.8369699716567993,105.2239990234375
2020-08-20,125.06581115722656,0.844344973564148,106.0790023803711
2020-08-21,125.9300537109375,0.842199981212616,105.66500091552734
2020-08-24,128.8865509033203,0.847599983215332,105.87699890136719
2020-08-25,128.40443420410156,0.8478500247001648,105.99299621582031
2020-08-26,129.02301025390625,0.8449500203132629,106.40499877929688
2020-08-27,130.42393493652344,0.8443999886512756,105.85600280761719
2020-08-28,130.66050720214844,0.8460500240325928,106.63700103759766
2020-08-31,129.45970153808594,0.8390499949455261,105.53500366210938
2020-09-01,132.8619842529297,0.8375899791717529,106.00399780273438
2020-09-02,135.7911834716797,0.838699996471405,105.89600372314453
2020-09-03,133.50782775878906,0.8440700173377991,106.20800018310547
2020-09-04,134.79962158203125,0.8446099758148193,106.08599853515625
2020-09-07,,0.8449900150299072,106.31099700927734
2020-09-08,135.1089324951172,0.8458999991416931,106.30500030517578
2020-09-09,138.90240478515625,0.8496000170707703,105.96800231933594
2020-09-10,136.3279266357422,0.847000002861023,106.23100280761719
2020-09-11,139.93942260742188,0.8457099795341492,106.14299774169922
2020-09-14,139.6483612060547,0.8443999886512756,106.1449966430664
2020-09-15,135.18170166015625,0.8424599766731262,105.71499633789062
2020-09-16,137.4650421142578,0.8442800045013428,105.38099670410156
2020-09-17,139.97584533691406,0.8472099900245667,105.06199645996094
2020-09-18,138.6294708251953,0.8440099954605103,104.697998046875
2020-09-21,132.2069854736328,0.8442000150680542,104.53700256347656
2020-09-22,133.86260986328125,0.8497620224952698,104.69000244140625
2020-09-23,131.34278869628906,0.8540899753570557,105.03399658203125
2020-09-24,132.0341339111328,0.8577399849891663,105.30400085449219
2020-09-25,132.73460388183594,0.856660008430481,105.43499755859375
2020-09-28,134.34478759765625,0.8594499826431274,105.5739974975586
2020-09-29,134.09915161132812,0.856249988079071,105.43299865722656
2020-09-30,135.68203735351562,0.851639986038208,105.66400146484375
2020-10-01,133.46237182617188,0.8528000116348267,105.45099639892578
2020-10-02,136.40072631835938,0.8514299988746643,105.54299926757812
2020-10-05,139.6301727294922,0.8532099723815918,105.51000213623047
2020-10-06,137.8471221923828,0.8479999899864197,105.70700073242188
2020-10-07,140.7946014404297,0.8519600033760071,105.63999938964844
2020-10-08,142.51390075683594,0.8497999906539917,105.96499633789062
2020-10-09,144.58802795410156,0.8498340249061584,106.01799774169922
2020-10-12,147.92660522460938,0.8462499976158142,105.63200378417969
2020-10-13,147.4808807373047,0.8463000059127808,105.33899688720703
2020-10-14,148.8363494873047,0.8516299724578857,105.47000122070312
2020-10-15,150.13717651367188,0.8514999747276306,105.13899993896484
2020-10-16,153.51220703125,0.8541799783706665,105.36000061035156
2020-10-19,152.40237426757812,0.8535699844360352,105.427001953125
2020-10-20,153.7305450439453,0.8496999740600586,105.47000122070312
2020-10-21,152.2841033935547,0.8453199863433838,105.47699737548828
2020-10-22,154.33999633789062,0.8435999751091003,104.6760025024414
2020-10-23,154.30343627929688,0.8463799953460693,104.9209976196289
2020-10-26,149.37014770507812,0.8439900279045105,104.68299865722656
2020-10-27,144.52845764160156,0.846780002117157,104.83200073242188
2020-10-28,138.35044860839844,0.8485999703407288,104.54499816894531
2020-10-29,141.56301879882812,0.8511599898338318,104.31500244140625
2020-10-30,143.74134826660156,0.8562600016593933,104.55400085449219
2020-11-02,149.43423461914062,0.8589500188827515,104.58000183105469
2020-11-03,153.47967529296875,0.8589000105857849,104.7249984741211
2020-11-04,142.07557678222656,0.8501799702644348,104.5459976196289
2020-11-05,149.26950073242188,0.8523200154304504,104.43800354003906
2020-11-06,147.62200927734375,0.8461999893188477,103.60299682617188
2020-11-09,156.34445190429688,0.8408300280570984,103.25299835205078
2020-11-10,157.6990509033203,0.8454999923706055,105.13700103759766
2020-11-11,155.0996551513672,0.8461099863052368,105.26000213623047
2020-11-12,154.79763793945312,0.8488749861717224,105.41500091552734
2020-11-13,157.15904235839844,0.8472139835357666,105.08999633789062
2020-11-16,158.5135955810547,0.844219982624054,104.6760025024414
2020-11-17,157.34210205078125,0.843209981918335,104.54100036621094
2020-11-18,158.1017303466797,0.8429099917411804,104.18099975585938
2020-11-19,158.2481689453125,0.8440499901771545,103.89399719238281
2020-11-20,157.6349639892578,0.842710018157959,103.82499694824219
2020-11-23,159.96885681152344,0.842710018157959,103.81700134277344
2020-11-24,161.90921020507812,0.8443999886512756,104.5250015258789
2020-11-25,159.83157348632812,0.8403000235557556,104.51300048828125
2020-11-26,,0.8389260172843933,104.4000015258789
2020-11-27,160.24343872070312,0.8392080068588257,104.24199676513672
2020-11-30,158.87973022460938,0.835319995880127,104.08200073242188
2020-12-01,158.5776824951172,0.8376500010490417,104.29900360107422
2020-12-02,159.135986328125,0.8281999826431274,104.30899810791016
2020-12-03,159.83157348632812,0.8254500031471252,104.45800018310547
2020-12-04,166.76922607421875,0.8233399987220764,103.822998046875
2020-12-07,163.56582641601562,0.8249899744987488,104.197998046875
2020-12-08,163.68479919433594,0.8255500197410583,103.99800109863281
2020-12-09,164.81056213378906,0.8256999850273132,104.13500213623047
2020-12-10,163.69395446777344,0.8278999924659729,104.27200317382812
2020-12-11,164.09669494628906,0.8234320282936096,104.18199920654297
2020-12-14,162.9617462158203,0.8241710066795349,103.93900299072266
2020-12-15,166.33909606933594,0.8231199979782104,104.01000213623047
2020-12-16,164.28887939453125,0.8227540254592896,103.63400268554688
2020-12-17,163.98684692382812,0.8197000026702881,103.4749984741211
2020-12-18,165.6251678466797,0.8154799938201904,103.13099670410156
2020-12-21,164.89297485351562,0.818589985370636,103.45700073242188
2020-12-22,161.61634826660156,0.8172000050544739,103.33999633789062
2020-12-23,163.30038452148438,0.8205699920654297,103.53399658203125
2020-12-24,164.34381103515625,0.8202499747276306,103.552001953125
2020-12-25,,0.8206999897956848,103.65299987792969
2020-12-28,163.25465393066406,0.8193299770355225,103.53299713134766
2020-12-29,161.68038940429688,0.8180999755859375,103.68900299072266
2020-12-30,164.78311157226562,0.8161299824714661,103.55899810791016
2020-12-31,166.5953369140625,0.8130149841308594,103.12100219726562
2021-01-01,,0.8209999799728394,103.22599792480469
2021-01-04,166.71434020996094,0.8162800073623657,103.23899841308594
2021-01-05,168.07806396484375,0.8162199854850769,103.125
2021-01-06,177.4320068359375,0.8129900097846985,102.6780014038086
2021-01-07,177.77061462402344,0.8102999925613403,103.02400207519531
2021-01-08,177.79808044433594,0.8148999810218811,103.79000091552734
2021-01-11,177.4320068359375,0.8205999732017517,104.09100341796875
2021-01-12,180.80015563964844,0.8223209977149963,104.12799835205078
2021-01-13,179.2899627685547,0.8190749883651733,103.75199890136719
2021-01-14,180.6719970703125,0.8222000002861023,103.83699798583984
2021-01-15,178.12759399414062,0.8229600191116333,103.8280029296875
2021-01-18,,0.8286299705505371,103.90799713134766
2021-01-19,178.56004333496094,0.828000009059906,103.7030029296875
2021-01-20,176.97743225097656,0.8238000273704529,103.89700317382812
2021-01-21,176.8394012451172,0.8253800272941589,103.55500030517578
2021-01-22,176.609375,0.8219429850578308,103.50599670410156
2021-01-25,172.37681579589844,0.8217300176620483,103.7770004272461
2021-01-26,172.25721740722656,0.8233000040054321,103.76000213623047
2021-01-27,166.20274353027344,0.8221660256385803,103.60299682617188
2021-01-28,169.61642456054688,0.8260999917984009,104.14299774169922
2021-01-29,168.23622131347656,0.8250799775123596,104.29100036621094
2021-02-01,169.966064453125,0.8248199820518494,104.68599700927734
2021-02-02,177.12464904785156,0.8285899758338928,104.88099670410156
2021-02-03,176.1584930419922,0.8306300044059753,105.02799987792969
2021-02-04,176.342529296875,0.8303999900817871,104.99500274658203
2021-02-05,177.58473205566406,0.8356500267982483,105.5719985961914
2021-02-08,181.67929077148438,0.8299599885940552,105.4000015258789
2021-02-09,181.52288818359375,0.8296279907226562,105.20999908447266
2021-02-10,181.92774963378906,0.8250830173492432,104.57499694824219
2021-02-11,182.5074005126953,0.824999988079071,104.61499786376953
2021-02-12,182.1761932373047,0.8242999911308289,104.74099731445312
2021-02-15,,0.824940025806427,105.05899810791016
2021-02-16,186.21551513671875,0.8242530226707458,105.38700103759766
2021-02-17,186.1419219970703,0.826960027217865,106.10299682617188
2021-02-18,183.9519805908203,0.8300129771232605,105.86100006103516
2021-02-19,193.14407348632812,0.8270000219345093,105.6520004272461
2021-02-22,200.64309692382812,0.82464998960495,105.51399993896484
2021-02-23,202.5938262939453,0.8219090104103088,104.98400115966797
2021-02-24,204.700927734375,0.8228999972343445,105.28299713134766
2021-02-25,204.10279846191406,0.8216000199317932,105.94400024414062
2021-02-26,198.6372833251953,0.8223400115966797,106.37899780273438
2021-03-01,202.2073211669922,0.8271600008010864,106.50299835205078
2021-03-02,198.58203125,0.829800009727478,106.85099792480469
2021-03-03,197.7447509765625,0.8274400234222412,106.75800323486328
2021-03-04,195.77569580078125,0.8298299908638,107.05799865722656
2021-03-05,202.57540893554688,0.8355799913406372,107.95500183105469
2021-03-08,203.88197326660156,0.8385300040245056,108.41899871826172
2021-03-09,199.4837646484375,0.8437600135803223,108.93900299072266
2021-03-10,203.40353393554688,0.8404840230941772,108.5770034790039
2021-03-11,202.2073211669922,0.8385000228881836,108.43199920654297
2021-03-12,210.7093505859375,0.8342999815940857,108.55500030517578
2021-03-15,212.3103790283203,0.8368200063705444,109.11699676513672
2021-03-16,208.3722381591797,0.8385199904441833,109.13400268554688
2021-03-17,214.96951293945312,0.8402199745178223,109.02899932861328
2021-03-18,212.255126953125,0.8345299959182739,108.89099884033203
2021-03-19,207.29568481445312,0.8390499949455261,108.93099975585938
2021-03-22,207.9673309326172,0.8415300250053406,108.87100219726562
2021-03-23,200.8179473876953,0.8380100131034851,108.7760009765625
2021-03-24,203.55995178222656,0.8445799946784973,108.5199966430664
2021-03-25,206.3387451171875,0.8465200066566467,108.79000091552734
2021-03-26,211.16940307617188,0.8491399884223938,109.17900085449219
2021-03-29,211.83187866210938,0.8483200073242188,109.79100036621094
2021-03-30,214.46343994140625,0.8495450019836426,109.83599853515625
2021-03-31,213.35006713867188,0.8529800176620483,110.30500030517578
2021-04-01,214.15060424804688,0.8525999784469604,110.75
2021-04-02,,0.8489000201225281,110.61299896240234
2021-04-05,215.0431671142578,0.8497499823570251,110.677001953125
2021-04-06,212.21835327148438,0.8460999727249146,110.19300079345703
2021-04-07,212.00669860839844,0.8421599864959717,109.79299926757812
2021-04-08,212.0711212158203,0.842199981212616,109.85199737548828
2021-04-09,212.31954956054688,0.8392300009727478,109.33000183105469
2021-04-12,212.48519897460938,0.8403000235557556,109.69400024414062
2021-04-13,211.0313720703125,0.8392999768257141,109.3740005493164
2021-04-14,214.00338745117188,0.8365300297737122,108.92400360107422
2021-04-15,213.94818115234375,0.8342999815940857,108.89399719238281
2021-04-16,214.72108459472656,0.8353000283241272,108.68900299072266
2021-04-19,213.82855224609375,0.8354600071907043,108.71900177001953
2021-04-20,209.44876098632812,0.8302000164985657,108.0979995727539
2021-04-21,213.89297485351562,0.831089973449707,108.13300323486328
2021-04-22,210.6081085205078,0.8307200074195862,108.03900146484375
2021-04-23,212.687744140625,0.8323100209236145,107.97799682617188
2021-04-26,213.1036834716797,0.8271399736404419,107.8740005493164
2021-04-27,212.90036010742188,0.8277000188827515,108.2020034790039
2021-04-28,214.71194458007812,0.8271089792251587,108.75
2021-04-29,210.24765014648438,0.8240000009536743,108.50499725341797
2021-04-30,210.83920288085938,0.8245999813079834,108.90399932861328
2021-05-03,210.8946533203125,0.8314099907875061,109.28299713134766
2021-05-04,215.7379150390625,0.8291000127792358,109.08699798583984
2021-05-05,219.8694610595703,0.83228999376297,109.3290023803711
2021-05-06,219.12078857421875,0.8327800035476685,109.21900177001953
2021-05-07,222.74400329589844,0.8285999894142151,109.05000305175781
2021-05-10,224.2413787841797,0.821619987487793,108.5719985961914
2021-05-11,221.18197631835938,0.8236600160598755,108.84400177001953
2021-05-12,219.35186767578125,0.8234180212020874,108.71499633789062
2021-05-13,221.89364624023438,0.8279169797897339,109.66400146484375
2021-05-14,223.89012145996094,0.828000009059906,109.51599884033203
2021-05-17,226.2562713623047,0.8230199813842773,109.41200256347656
2021-05-18,221.33909606933594,0.8225799798965454,109.24199676513672
2021-05-19,218.9359588623047,0.8180630207061768,108.86799621582031
2021-05-20,217.19825744628906,0.8215000033378601,109.27300262451172
2021-05-21,219.27793884277344,0.8179699778556824,108.86000061035156
2021-05-24,220.95086669921875,0.8208000063896179,108.91899871826172
2021-05-25,219.2132568359375,0.8186900019645691,108.85099792480469
2021-05-26,219.71234130859375,0.8163869976997375,108.802001953125
2021-05-27,223.01202392578125,0.820169985294342,109.16999816894531
2021-05-28,222.82717895507812,0.8201299905776978,109.80899810791016
2021-05-31,,0.8203399777412415,109.90699768066406
2021-06-01,224.3800048828125,0.8174700140953064,109.49299621582031
2021-06-02,225.02700805664062,0.8184800148010254,109.49299621582031
2021-06-03,225.37823486328125,0.8190100193023682,109.59500122070312
2021-06-04,225.5446319580078,0.8241980075836182,110.26599884033203
2021-06-07,221.6071319580078,0.8217999935150146,109.61699676513672
2021-06-08,221.97683715820312,0.8201000094413757,109.27400207519531
2021-06-09,216.88404846191406,0.8215000033378601,109.46900177001953
2021-06-10,208.6393585205078,0.8208829760551453,109.61000061035156
2021-06-11,203.99024963378906,0.8215199708938599,109.40899658203125
2021-06-14,202.4281768798828,0.8257499933242798,109.70899963378906
2021-06-15,202.84413146972656,0.8249300122261047,110.04100036621094
2021-06-16,200.71823120117188,0.8245999813079834,110.08399963378906
2021-06-17,193.59197998046875,0.8336399793624878,110.7699966430664
2021-06-18,193.046630859375,0.839389979839325,110.32499694824219
2021-06-21,197.0673065185547,0.842199981212616,110.20099639892578
2021-06-22,196.99334716796875,0.8394500017166138,110.3740005493164
2021-06-23,197.60340881347656,0.8377500176429749,110.65399932861328
2021-06-24,202.73318481445312,0.8379999995231628,111.01200103759766
2021-06-25,199.9326171875,0.8381999731063843,110.9209976196289
2021-06-28,199.8956298828125,0.837369978427887,110.8219985961914
2021-06-29,198.81422424316406,0.8382999897003174,110.60299682617188
2021-06-30,201.15264892578125,0.8402000069618225,110.53500366210938
2021-07-01,200.30233764648438,0.8434000015258789,111.1240005493164
2021-07-02,201.2727813720703,0.8441500067710876,111.5719985961914
2021-07-05,,0.8434399962425232,111.13500213623047
2021-07-06,197.3538055419922,0.8428999781608582,110.91600036621094
2021-07-07,198.4352569580078,0.8457000255584717,110.60199737548828
2021-07-08,196.0506134033203,0.847931981086731,110.63500213623047
2021-07-09,200.9585418701172,0.8440240025520325,109.8010025024414
2021-07-12,202.03074645996094,0.8422499895095825,110.21499633789062
2021-07-13,198.8974151611328,0.8428000211715698,110.32499694824219
2021-07-14,195.6162109375,0.8492299914360046,110.59500122070312
2021-07-15,195.40359497070312,0.8450700044631958,109.98400115966797
2021-07-16,192.20553588867188,0.8466100096702576,109.77799987792969
2021-07-19,188.71157836914062,0.8464530110359192,109.8740005493164
2021-07-20,193.246337890625,0.8478999733924866,109.53399658203125
2021-07-21,195.82032775878906,0.8485999703407288,109.91999816894531
2021-07-22,194.36141967773438,0.8479800224304199,110.25499725341797
2021-07-23,194.70523071289062,0.8494200110435486,110.13999938964844
2021-07-26,196.0990753173828,0.849370002746582,110.54399871826172
2021-07-27,195.04905700683594,0.8468999862670898,110.302001953125
2021-07-28,196.48008728027344,0.84579998254776,109.80599975585938
2021-07-29,197.52088928222656,0.8441699743270874,109.89099884033203
2021-07-30,192.12193298339844,0.8408309817314148,109.40899658203125
2021-08-02,190.64439392089844,0.8426700234413147,109.70600128173828
2021-08-03,193.74810791015625,0.8421300053596497,109.26899719238281
2021-08-04,190.04971313476562,0.8424999713897705,108.99099731445312
2021-08-05,192.5308074951172,0.8447800278663635,109.52899932861328
2021-08-06,193.6087188720703,0.8449000120162964,109.75199890136719
2021-08-09,194.1105194091797,0.8511000275611877,110.25900268554688
2021-08-10,198.92401123046875,0.8518999814987183,110.30599975585938
2021-08-11,205.97698974609375,0.8529999852180481,110.5979995727539
2021-08-12,204.65745544433594,0.8516510128974915,110.3740005493164
2021-08-13,203.1056365966797,0.8520600199699402,110.40299987792969
2021-08-16,202.30650329589844,0.8478400111198425,109.6240005493164
2021-08-17,198.33859252929688,0.8489000201225281,109.2969970703125
2021-08-18,194.9654083251953,0.8539900183677673,109.53700256347656
2021-08-19,189.9846649169922,0.8544600009918213,109.84200286865234
2021-08-20,190.4399871826172,0.8564140200614929,109.76799774169922
2021-08-23,194.34283447265625,0.8548799753189087,109.83999633789062
2021-08-24,197.5487518310547,0.8514599800109863,109.6780014038086
2021-08-25,199.56517028808594,0.8508399724960327,109.7300033569336
2021-08-26,196.29425048828125,0.8493000268936157,109.97599792480469
2021-08-27,197.771728515625,0.850600004196167,110.0479965209961
2021-08-30,196.4894256591797,0.8475289940834045,109.86499786376953
2021-08-31,195.9503936767578,0.8476799726486206,109.94400024414062
2021-09-01,193.246337890625,0.8467199802398682,110.05599975585938
2021-09-02,196.7960205078125,0.8445299863815308,110.09600067138672
2021-09-03,195.48577880859375,0.8420000076293945,109.94499969482422
2021-09-06,,0.8413299918174744,109.76399993896484
2021-09-07,193.49720764160156,0.8421000242233276,109.81999969482422
2021-09-08,192.14051818847656,0.8443400263786316,110.2959976196289
2021-09-09,190.88600158691406,0.8460879921913147,110.21800231933594
2021-09-10,190.50502014160156,0.8456000089645386,109.78099822998047
2021-09-13,191.61085510253906,0.8465999960899353,109.91500091552734
2021-09-14,188.01463317871094,0.8465999960899353,109.99400329589844
2021-09-15,191.174072265625,0.847100019454956,109.71900177001953
2021-09-16,189.19482421875,0.8460239768028259,109.38300323486328
2021-09-17,185.61717224121094,0.8497999906539917,109.6989974975586
2021-09-20,177.3190155029297,0.8525199890136719,109.97100067138672
2021-09-21,176.40835571289062,0.8525000214576721,109.43699645996094
2021-09-22,177.81150817871094,0.8530300259590149,109.14900207519531
2021-09-23,182.70864868164062,0.8555999994277954,109.8219985961914
2021-09-24,182.89453125,0.8517699837684631,110.32599639892578
2021-09-27,185.84950256347656,0.8530200123786926,110.76399993896484
2021-09-28,186.360595703125,0.8549349904060364,110.96399688720703
2021-09-29,183.87017822265625,0.8557000160217285,111.52799987792969
2021-09-30,178.3876495361328,0.8619499802589417,111.93599700927734
2021-10-01,180.5806884765625,0.8639699816703796,111.46099853515625
2021-10-04,179.46556091308594,0.8615300059318542,110.9469985961914
2021-10-05,178.88014221191406,0.8607000112533569,110.96800231933594
2021-10-06,178.28543090820312,0.8623600006103516,111.48699951171875
2021-10-07,181.9002227783203,0.8654000163078308,111.41300201416016
2021-10-08,181.35195922851562,0.8650699853897095,111.66200256347656
2021-10-11,179.2425537109375,0.8646000027656555,112.2699966430664
2021-10-12,176.4827117919922,0.8655200004577637,113.38800048828125
2021-10-13,175.57205200195312,0.8669999837875366,113.51899719238281
2021-10-14,180.5806884765625,0.8621000051498413,113.3010025024414
2021-10-15,184.93885803222656,0.8626999855041504,113.83399963378906
2021-10-18,184.15826416015625,0.8622900247573853,114.3239974975586
2021-10-19,186.90884399414062,0.8610399961471558,114.28500366210938
2021-10-20,189.74302673339844,0.8597000241279602,114.54299926757812
2021-10-21,187.83810424804688,0.8579999804496765,114.38899993896484
2021-10-22,187.4830322265625,0.8601899743080139,113.8499984741211
2021-10-25,188.940673828125,0.8590999841690063,113.66400146484375
2021-10-26,186.53932189941406,0.8611999750137329,113.76499938964844
2021-10-27,183.2596435546875,0.8622000217437744,114.18800354003906
2021-10-28,190.6973114013672,0.862060010433197,113.7760009765625
2021-10-29,190.62252807617188,0.85589998960495,113.61599731445312
2021-11-01,191.9026336669922,0.8652999997138977,114.23600006103516
2021-11-02,193.52847290039062,0.8621000051498413,114.09400177001953
2021-11-03,190.1927490234375,0.8636000156402588,113.96199798583984
2021-11-04,190.2301025390625,0.8608999848365784,114.06999969482422
2021-11-05,192.3698272705078,0.8654000163078308,113.83699798583984
2021-11-08,200.19058227539062,0.8643900156021118,113.4749984741211
2021-11-09,196.04196166992188,0.8626999855041504,113.25399780273438
2021-11-10,193.10800170898438,0.8623999953269958,112.91200256347656
2021-11-11,194.84593200683594,0.8706300258636475,113.90499877929688
2021-11-12,195.5373992919922,0.8733000159263611,114.04299926757812
2021-11-15,194.07974243164062,0.8740000128746033,113.98100280761719
2021-11-16,191.94935607910156,0.8797799944877625,114.13200378417969
2021-11-17,189.66012573242188,0.8833000063896179,114.90399932861328
2021-11-18,188.20249938964844,0.8833000063896179,114.19000244140625
2021-11-19,187.28680419921875,0.8796300292015076,114.28199768066406
2021-11-22,189.09950256347656,0.8868600130081177,114.13800048828125
2021-11-23,191.85594177246094,0.8895099759101868,114.79000091552734
2021-11-24,193.48175048828125,0.8892899751663208,115.14099884033203
2021-11-25,,0.8926200270652771,115.40799713134766
2021-11-26,185.68902587890625,0.8920900225639343,115.06900024414062
2021-11-29,183.0634307861328,0.8854900002479553,113.71900177001953
2021-11-30,180.66207885742188,0.8854699730873108,113.80400085449219
2021-12-01,178.9054412841797,0.8825899958610535,113.29900360107422
2021-12-02,183.8763427734375,0.883430004119873,112.88200378417969
2021-12-03,184.82005310058594,0.8844699859619141,113.02200317382812
2021-12-06,188.07168579101562,0.8845800161361694,113.04199981689453
2021-12-07,191.071044921875,0.8859999775886536,113.45800018310547
2021-12-08,190.7907257080078,0.8867999911308289,113.5250015258789
2021-12-09,190.73468017578125,0.8813999891281128,113.68399810791016
2021-12-10,190.10862731933594,0.8854799866676331,113.447998046875
2021-12-13,188.04364013671875,0.8840299844741821,113.5009994506836
2021-12-14,188.4080352783203,0.8860999941825867,113.5770034790039
2021-12-15,189.25831604003906,0.8880000114440918,113.74299621582031
2021-12-16,192.6407928466797,0.8856800198554993,114.13600158691406
2021-12-17,188.15577697753906,0.8822900056838989,113.66300201416016
2021-12-20,182.63363647460938,0.8894000053405762,113.51799774169922
2021-12-21,185.2965850830078,0.8867200016975403,113.66200256347656
2021-12-22,188.88461303710938,0.8859300017356873,113.99400329589844
2021-12-23,192.6688232421875,0.8827000260353088,114.12100219726562
2021-12-24,,0.8828200101852417,114.45800018310547
2021-12-27,192.83702087402344,0.8830599784851074,114.33300018310547
2021-12-28,193.06124877929688,0.882610023021698,114.79199981689453
2021-12-29,193.72467041015625,0.8838000297546387,114.77300262451172
2021-12-30,192.5566864013672,0.8802700042724609,114.947998046875
2021-12-31,193.17340087890625,0.8830000162124634,115.06300354003906
2022-01-03,193.41629028320312,0.8792399764060974,115.14199829101562
2022-01-04,203.76922607421875,0.8847799897193909,115.3280029296875
2022-01-05,205.3296356201172,0.8862400054931641,116.17400360107422
2022-01-06,207.42266845703125,0.883899986743927,116.12799835205078
2022-01-07,209.478271484375,0.885200023651123,115.86499786376953
2022-01-10,207.09561157226562,0.8807500004768372,115.61799621582031
2022-01-11,205.51657104492188,0.8825799822807312,115.27799987792969
2022-01-12,207.80575561523438,0.8797799944877625,115.33100128173828
2022-01-13,212.10391235351562,0.8740000128746033,114.67500305175781
2022-01-14,213.91659545898438,0.8728200197219849,114.11799621582031
2022-01-17,,0.8763700127601624,114.30599975585938
2022-01-18,214.78555297851562,0.8763800263404846,114.57099914550781
2022-01-19,208.11929321289062,0.88264000415802,114.55400085449219
2022-01-20,203.39657592773438,0.8815699815750122,114.34700012207031
2022-01-21,201.01171875,0.8838800191879272,113.99299621582031
2022-01-24,201.237060546875,0.8817200064659119,113.78500366210938
2022-01-25,201.21829223632812,0.8830699920654297,114.01100158691406
2022-01-26,201.19947814941406,0.8845999836921692,113.875
2022-01-27,199.20901489257812,0.8894000053405762,114.72100067138672
2022-01-28,188.87161254882812,0.8970999717712402,115.35199737548828
2022-01-31,189.24713134765625,0.8966699838638306,115.26200103759766
2022-02-01,192.80560302734375,0.890500009059906,115.12100219726562
2022-02-02,192.42068481445312,0.8870000243186951,114.73600006103516
2022-02-03,188.33641052246094,0.8849599957466125,114.38200378417969
2022-02-04,186.28958129882812,0.8744500279426575,114.95700073242188
2022-02-07,187.6134796142578,0.8729699850082397,115.2239990234375
2022-02-08,189.19082641601562,0.8738999962806702,115.06300354003906
2022-02-09,191.1625518798828,0.8755599856376648,115.53099822998047
2022-02-10,190.66494750976562,0.875540018081665,115.60199737548828
2022-02-11,188.9467010498047,0.8759999871253967,116.0469970703125
2022-02-14,187.67916870117188,0.8798900246620178,115.58399963378906
2022-02-15,190.98416137695312,0.8844599723815918,115.53600311279297
2022-02-16,191.20010375976562,0.8805299997329712,115.63500213623047
2022-02-17,182.84378051757812,0.8791000247001648,115.38700103759766
2022-02-18,180.22421264648438,0.8797799944877625,114.86599731445312
2022-02-21,,0.8836100101470947,114.96099853515625
2022-02-22,179.52943420410156,0.8841999769210815,114.60900115966797
2022-02-23,175.26673889160156,0.8826799988746643,115.09600067138672
2022-02-24,173.40768432617188,0.8845099806785583,114.89800262451172
2022-02-25,175.63291931152344,0.8935999870300293,115.57099914550781
2022-02-28,176.1211700439453,0.8943700194358826,115.58499908447266
2022-03-01,171.6613006591797,0.8915899991989136,115.0780029296875
2022-03-02,180.84390258789062,0.8982499837875366,114.83300018310547
2022-03-03,182.947021484375,0.8999000191688538,115.51899719238281
2022-03-04,183.7075958251953,0.9035999774932861,115.4739990234375
2022-03-07,184.6840057373047,0.9195799827575684,114.94999694824219
2022-03-08,197.17156982421875,0.9203600287437439,115.37300109863281
2022-03-09,196.9650421142578,0.9175800085067749,115.72200012207031
2022-03-10,198.85218811035156,0.9030299782752991,115.90899658203125
2022-03-11,201.70652770996094,0.9079399704933167,116.17900085449219
2022-03-14,202.27926635742188,0.9147400259971619,117.52899932861328
2022-03-15,203.2369384765625,0.9138100147247314,118.21800231933594
2022-03-16,202.8801727294922,0.9116299748420715,118.29199981689453
2022-03-17,208.15682983398438,0.9072800278663635,118.87000274658203
2022-03-18,207.4151153564453,0.9009400010108948,118.48600006103516
2022-03-21,210.04409790039062,0.9055399894714355,119.26300048828125
2022-03-22,209.10516357421875,0.9076700210571289,119.59400177001953
2022-03-23,208.59814453125,0.9066399931907654,121.33999633789062
2022-03-24,208.63571166992188,0.9085699915885925,121.12699890136719
2022-03-25,209.71546936035156,0.90829998254776,122.34600067138672
2022-03-28,208.29769897460938,0.9105899930000305,122.2699966430664
2022-03-29,207.5371856689453,0.909600019454956,123.66000366210938
2022-03-30,209.4525604248047,0.9015899896621704,123.125
2022-03-31,209.20843505859375,0.8959100246429443,122.02100372314453
2022-04-01,206.34475708007812,0.9031500220298767,121.75599670410156
2022-04-04,207.32122802734375,0.9052000045776367,122.61000061035156
2022-04-05,202.8238067626953,0.9110900163650513,122.80899810791016
2022-04-06,203.00221252441406,0.916890025138855,123.65599822998047
2022-04-07,202.71115112304688,0.9175800085067749,123.7229995727539
2022-04-08,203.7720947265625,0.9204000234603882,124.09600067138672
2022-04-11,202.8520050048828,0.9186999797821045,124.38500213623047
2022-04-12,203.4622802734375,0.9192900061607361,125.47200012207031
2022-04-13,204.93637084960938,0.9236900210380554,125.41600036621094
2022-04-14,213.8936309814453,0.9177200198173523,125.37699890136719
2022-04-15,,0.9241300225257874,126.17900085449219
2022-04-18,215.87474060058594,0.9246199727058411,126.61799621582031
2022-04-19,217.9778594970703,0.9274899959564209,127.0979995727539
2022-04-20,220.719482421875,0.9264000058174133,129.33299255371094
2022-04-21,218.3628387451172,0.9216700196266174,128.01300048828125
2022-04-22,204.06068420410156,0.9229199886322021,128.4080047607422
2022-04-25,204.43801879882812,0.9249799847602844,128.60499572753906
2022-04-26,198.40016174316406,0.9333400130271912,127.74400329589844
2022-04-27,201.85305786132812,0.9395300149917603,127.26599884033203
2022-04-28,200.41908264160156,0.947409987449646,128.3939971923828
2022-04-29,198.6265869140625,0.9520000219345093,130.81100463867188
2022-05-02,200.07003784179688,0.9491299986839294,130.01100158691406
2022-05-03,201.5323028564453,0.9515600204467773,130.11199951171875
2022-05-04,209.99473571777344,0.9498000144958496,130.11599731445312
2022-05-05,203.7115936279297,0.9413999915122986,129.22300720214844
2022-05-06,202.50401306152344,0.9487900137901306,130.3300018310547
2022-05-09,194.61705017089844,0.9494699835777283,130.74899291992188
2022-05-10,191.50381469726562,0.9464499950408936,130.3769989013672
2022-05-11,193.59815979003906,0.949400007724762,130.3509979248047
2022-05-12,191.5415496826172,0.9512500166893005,129.8350067138672
2022-05-13,192.7679901123047,0.9634299874305725,128.58799743652344
2022-05-16,195.46617126464844,0.9614800214767456,129.4320068359375
2022-05-17,201.03228759765625,0.9579499959945679,128.92300415039062
2022-05-18,196.1737060546875,0.9480599761009216,129.45399475097656
2022-05-19,195.0604705810547,0.9548599720001221,127.91400146484375
2022-05-20,186.62637329101562,0.9452700018882751,127.83200073242188
2022-05-23,192.59815979003906,0.9460899829864502,127.90299987792969
2022-05-24,194.01329040527344,0.9361500144004822,127.84600067138672
2022-05-25,197.4661865234375,0.9314000010490417,126.76899719238281
2022-05-26,200.9379425048828,0.9357500076293945,127.1520004272461
2022-05-27,204.8531494140625,0.9317100048065186,127.04499816894531
2022-05-30,,0.9318400025367737,127.28500366210938
2022-05-31,203.63612365722656,0.9282000064849854,127.78399658203125
2022-06-01,205.25881958007812,0.9316099882125854,128.73599243164062
2022-06-02,207.55128479003906,0.9386000037193298,130.1219940185547
2022-06-03,210.2871856689453,0.9301400184631348,129.91799926757812
2022-06-06,210.97589111328125,0.9323099851608276,130.70700073242188
2022-06-07,214.2495574951172,0.9353299736976624,132.17599487304688
2022-06-08,216.79678344726562,0.9347000122070312,132.8470001220703
2022-06-09,211.01364135742188,0.9330400228500366,134.42999267578125
2022-06-10,203.0040283203125,0.9416900277137756,134.41799926757812
2022-06-13,195.17369079589844,0.9532899856567383,134.81399536132812
2022-06-14,194.99441528320312,0.9601399898529053,134.22500610351562
2022-06-15,194.343505859375,0.9577999711036682,135.29400634765625
2022-06-16,183.767822265625,0.9563699960708618,134.11500549316406
2022-06-17,181.7394561767578,0.9481499791145325,132.42100524902344
2022-06-20,,0.9531599879264832,135.2760009765625
2022-06-21,185.25836181640625,0.9505000114440918,135.08700561523438
2022-06-22,177.20162963867188,0.949429988861084,136.2689971923828
2022-06-23,168.55995178222656,0.9466000199317932,136.0240020751953
2022-06-24,174.9940643310547,0.9505599737167358,134.83999633789062
2022-06-27,176.97520446777344,0.9464200139045715,135.06199645996094
2022-06-28,176.8336944580078,0.9451000094413757,135.43499755859375
2022-06-29,173.09774780273438,0.9502500295639038,136.0469970703125
2022-06-30,168.6448516845703,0.9572499990463257,136.58900451660156
2022-07-01,168.2014617919922,0.9544100165367126,135.78599548339844
2022-07-04,,0.9584100246429443,135.04299926757812
2022-07-05,163.92776489257812,0.9584800004959106,135.83999633789062
2022-07-06,162.559814453125,0.9748799800872803,135.52099609375
2022-07-07,170.078857421875,0.9817000031471252,135.96600341796875
2022-07-08,168.9656219482422,0.983299970626831,135.91299438476562
2022-07-11,165.1165008544922,0.9836599826812744,136.30099487304688
2022-07-12,164.61647033691406,0.9952700138092041,137.38800048828125
2022-07-13,164.03158569335938,0.9966999888420105,136.7259979248047
2022-07-14,160.32395935058594,0.9967399835586548,137.6280059814453
2022-07-15,163.56927490234375,0.997439980506897,138.9669952392578
2022-07-18,163.6730499267578,0.9904599785804749,138.31399536132812
2022-07-19,170.512939453125,0.9856899976730347,138.22900390625
2022-07-20,170.9689483642578,0.9773899912834167,138.1909942626953
2022-07-21,171.93795776367188,0.9820500016212463,138.39500427246094
2022-07-22,169.6864776611328,0.9783700108528137,137.09800720214844
2022-07-25,172.71693420410156,0.9803699851036072,136.31199645996094
2022-07-26,172.1659393310547,0.9779999852180481,136.43099975585938
2022-07-27,175.98486328125,0.9872099757194519,136.97000122070312
2022-07-28,178.44534301757812,0.9794999957084656,136.11099243164062
2022-07-29,188.33468627929688,0.9811300039291382,134.39700317382812
2022-08-01,185.11424255371094,0.9796000123023987,133.40699768066406
2022-08-02,174.33189392089844,0.9745299816131592,131.57200622558594
2022-08-03,173.72389221191406,0.9846699833869934,133.37899780273438
2022-08-04,174.4553985595703,0.9844800233840942,133.96200561523438
2022-08-05,176.1178741455078,0.975820004940033,132.62100219726562
2022-08-08,176.5168914794922,0.9832000136375427,135.0570068359375
2022-08-09,176.72584533691406,0.9806200265884399,134.83999633789062
2022-08-10,181.18130493164062,0.979610025882721,135.18699645996094
2022-08-11,184.29725646972656,0.97079998254776,132.8300018310547
2022-08-12,186.9951934814453,0.9692999720573425,132.99400329589844
2022-08-15,186.14971923828125,0.9750000238418579,133.28799438476562
2022-08-16,187.64120483398438,0.9840599894523621,133.14300537109375
2022-08-17,186.1307373046875,0.9832199811935425,134.27699279785156
2022-08-18,187.4796905517578,0.9822999835014343,134.94400024414062
2022-08-19,185.8172607421875,0.9910899996757507,135.7949981689453
2022-08-22,182.1693115234375,0.9964900016784668,137.04100036621094
2022-08-23,187.34671020507812,1.0060900449752808,137.54600524902344
2022-08-24,184.44924926757812,1.0033199787139893,136.73300170898438
2022-08-25,188.93319702148438,1.003100037574768,137.08099365234375
2022-08-26,182.3212890625,1.0028799772262573,136.56300354003906
2022-08-29,182.1882781982422,1.0061700344085693,137.52000427246094
2022-08-30,177.5903778076172,0.9986000061035156,138.5959930419922
2022-08-31,175.47189331054688,0.9975000023841858,138.73399353027344
2022-09-01,173.3154296875,0.9961100220680237,139.29600524902344
2022-09-02,171.7859344482422,1.00478994846344,140.08099365234375
2022-09-05,,1.0091400146484375,140.48699951171875
2022-09-06,171.6244354248047,1.0047999620437622,140.42999267578125
2022-09-07,171.81442260742188,1.0103100538253784,143.1510009765625
2022-09-08,173.9899139404297,1.0004299879074097,144.1280059814453
2022-09-09,180.01283264160156,0.9987999796867371,143.8560028076172
2022-09-12,182.7772674560547,0.9929100275039673,142.5959930419922
2022-09-13,175.09190368652344,0.9872099757194519,142.5850067138672
2022-09-14,175.4148712158203,1.0017999410629272,144.4040069580078
2022-09-15,173.3629150390625,1.0016000270843506,142.92300415039062
2022-09-16,170.49398803710938,1.001170039176941,143.36500549316406
2022-09-19,173.00192260742188,0.9977700114250183,142.76499938964844
2022-09-20,169.08798217773438,0.9970499873161316,143.22300720214844
2022-09-21,163.3500518798828,1.0029300451278687,143.6020050048828
2022-09-22,162.0200958251953,1.0172200202941895,144.3159942626953
2022-09-23,156.02566528320312,1.0161000490188599,142.27999877929688
2022-09-26,154.48670959472656,1.031999945640564,143.51100158691406
2022-09-27,154.31570434570312,1.0391000509262085,144.45899963378906
2022-09-28,159.36961364746094,1.042080044746399,144.6909942626953
2022-09-29,157.60264587402344,1.030060052871704,144.3979949951172
2022-09-30,155.87368774414062,1.0173399448394775,144.43099975585938
2022-10-03,162.6660919189453,1.0211700201034546,144.8159942626953
2022-10-04,170.64596557617188,1.0170799493789673,144.5189971923828
2022-10-05,169.45848083496094,1.0015699863433838,143.78700256347656
2022-10-06,169.866943359375,1.0089800357818604,144.44900512695312
2022-10-07,168.6699981689453,1.0215500593185425,145.03900146484375
2022-10-10,169.7339630126953,1.0272200107574463,145.48199462890625
2022-10-11,170.7599334716797,1.029860019683838,145.6739959716797
2022-10-12,170.5224609375,1.0309100151062012,145.8699951171875
2022-10-13,173.9804229736328,1.030079960823059,146.73699951171875
2022-10-14,169.2779998779297,1.0255000591278076,147.29299926757812
2022-10-17,171.75743103027344,1.0267599821090698,148.6320037841797
2022-10-18,174.36990356445312,1.0155999660491943,148.9709930419922
2022-10-19,175.18690490722656,1.013800024986267,149.20899963378906
2022-10-20,171.5104522705078,1.0239100456237793,149.8209991455078
2022-10-21,181.91546630859375,1.0226099491119385,150.17599487304688
2022-10-24,182.9482879638672,1.0141899585723877,147.81900024414062
2022-10-25,186.33375549316406,1.0114799737930298,148.88699340820312
2022-10-26,188.36122131347656,1.003640055656433,147.97999572753906
2022-10-27,202.8784637451172,0.9908900260925293,146.13400268554688
2022-10-28,209.76416015625,1.0032299757003784,146.2740020751953
2022-10-31,207.0098876953125,1.004520058631897,147.81199645996094
2022-11-01,208.96083068847656,1.0115000009536743,148.73699951171875
2022-11-02,205.17372131347656,1.0123599767684937,147.9149932861328
2022-11-03,209.68763732910156,1.0189100503921509,147.89199829101562
2022-11-04,217.90261840820312,1.0256799459457397,148.39300537109375
2022-11-07,218.6294403076172,1.0071699619293213,146.84100341796875
2022-11-08,219.77706909179688,0.9981399774551392,146.62399291992188
2022-11-09,215.6934814453125,0.9919800162315369,145.2949981689453
2022-11-10,222.3018035888672,0.9980499744415283,146.20899963378906
2022-11-11,226.1654052734375,0.9811400175094604,141.73399353027344
2022-11-14,226.1750030517578,0.9681900143623352,139.55299377441406
2022-11-15,224.34837341308594,0.9690600037574768,140.11500549316406
2022-11-16,222.27310180664062,0.9654499888420105,138.96499633789062
2022-11-17,220.37954711914062,0.9620000123977661,139.32200622558594
2022-11-18,221.32632446289062,0.9650899767875671,140.41200256347656
2022-11-21,222.03402709960938,0.9679700136184692,140.2530059814453
2022-11-22,226.9017791748047,0.9760199785232544,142.09800720214844
2022-11-23,226.57662963867188,0.9698299765586853,141.15499877929688
2022-11-24,,0.9600399732589722,139.2779998779297
2022-11-25,225.409912109375,0.9607899785041809,138.60299682617188
2022-11-28,222.15835571289062,0.9645500183105469,139.10000610351562
2022-11-29,224.85523986816406,0.9666000008583069,138.718994140625
2022-11-30,226.08892822265625,0.9685699939727783,138.7449951171875
2022-12-01,225.40032958984375,0.9592000246047974,137.35899353027344
2022-12-02,225.82113647460938,0.9498100280761719,135.14999389648438
2022-12-05,222.4165496826172,0.948390007019043,134.47500610351562
2022-12-06,218.32339477539062,0.9526600241661072,136.65199279785156
2022-12-07,218.98329162597656,0.9552000164985657,136.88600158691406
2022-12-08,220.83856201171875,0.9511799812316895,136.38099670410156
2022-12-09,217.3670654296875,0.9470000267028809,136.61399841308594
2022-12-12,222.88514709472656,0.9503700137138367,136.71200561523438
2022-12-13,225.20907592773438,0.9486100077629089,137.50399780273438
2022-12-14,224.2431640625,0.9410300254821777,135.58399963378906
2022-12-15,220.58993530273438,0.9366499781608582,135.34800720214844
2022-12-16,222.5600128173828,0.9398000240325928,137.75100708007812
2022-12-19,222.1487579345703,0.9447299838066101,136.69000244140625
2022-12-20,224.8743438720703,0.9420999884605408,136.9949951171875
2022-12-21,231.1766357421875,0.9409999847412109,131.89199829101562
2022-12-22,227.16958618164062,0.9424999952316284,132.3699951171875
2022-12-23,229.39784240722656,0.9430999755859375,132.35699462890625
2022-12-26,,0.9373999834060669,132.7899932861328
2022-12-27,232.5250701904297,0.9398300051689148,132.76400756835938
2022-12-28,228.9292449951172,0.9401000142097473,133.48599243164062
2022-12-29,229.71347045898438,0.9408000111579895,134.03399658203125
2022-12-30,229.1013946533203,0.9380199909210205,132.91600036621094
2023-01-02,,0.9337300062179565,130.84500122070312
2023-01-03,228.45108032226562,0.9365299940109253,130.79400634765625
2023-01-04,230.8227996826172,0.9481499791145325,131.2480010986328
2023-01-05,229.7899627685547,0.9428300261497498,132.24600219726562
2023-01-06,237.99537658691406,0.9503700137138367,133.3070068359375
2023-01-09,235.85316467285156,0.9384099841117859,131.86199951171875
2023-01-10,239.57334899902344,0.931689977645874,131.72900390625
2023-01-11,239.78370666503906,0.931190013885498,132.1009979248047
2023-01-12,243.93426513671875,0.928849995136261,131.90199279785156
2023-01-13,247.17620849609375,0.9207900166511536,129.1719970703125
2023-01-16,,0.9238200187683105,128.0260009765625
2023-01-17,245.07232666015625,0.9233499765396118,128.3209991455078
2023-01-18,241.78248596191406,0.9265000224113464,128.281005859375
2023-01-19,236.14198303222656,0.926110029220581,128.53900146484375
2023-01-20,239.94717407226562,0.9230300188064575,128.3699951171875
2023-01-23,242.8202667236328,0.9203799962997437,129.35400390625
2023-01-24,247.53826904296875,0.9196000099182129,130.5970001220703
2023-01-25,248.3358612060547,0.918429970741272,130.23899841308594
2023-01-26,251.8719482421875,0.9155799746513367,129.23699951171875
2023-01-27,254.1973419189453,0.917900025844574,129.8000030517578
2023-01-30,251.2761688232422,0.9198399782180786,129.85400390625
2023-01-31,242.42628479003906,0.9215999841690063,130.47900390625
2023-02-01,239.78378295898438,0.9207299947738647,130.11000061035156
2023-02-02,235.32521057128906,0.9080299735069275,128.6219940185547
2023-02-03,238.0734100341797,0.9169999957084656,128.74600219726562
2023-02-06,241.59027099609375,0.9267100095748901,132.00900268554688
2023-02-07,239.8990936279297,0.9319000244140625,132.6230010986328
2023-02-08,239.13999938964844,0.9319900274276733,131.04200744628906
2023-02-09,236.65126037597656,0.9332000017166138,131.38699340820312
2023-02-10,237.9869384765625,0.930899977684021,131.5189971923828
2023-02-13,238.44813537597656,0.9365299940109253,131.55099487304688
2023-02-14,234.8063507080078,0.9319300055503845,132.33700561523438
2023-02-15,238.9766387939453,0.9314699769020081,132.99099731445312
2023-02-16,236.88189697265625,0.9352999925613403,133.9029998779297
2023-02-17,238.1022186279297,0.9375799894332886,134.07400512695312
2023-02-20,,0.9359400272369385,134.3070068359375
2023-02-21,231.29904174804688,0.9361000061035156,134.33599853515625
2023-02-22,228.5892791748047,0.9387900233268738,134.9759979248047
2023-02-23,228.64695739746094,0.9428799748420715,134.9320068359375
2023-02-24,226.93653869628906,0.9435700178146362,134.6280059814453
2023-02-27,230.59759521484375,0.9474400281906128,136.39500427246094
2023-02-28,230.1844024658203,0.9423999786376953,136.31700134277344
2023-03-01,238.9477996826172,0.9454200267791748,136.34800720214844
2023-03-02,242.32058715820312,0.9373000264167786,136.19400024414062
2023-03-03,245.32821655273438,0.9434199929237366,136.7050018310547
2023-03-06,244.0502166748047,0.941070020198822,135.86000061035156
2023-03-07,236.51673889160156,0.9355999827384949,135.99899291992188
2023-03-08,238.99588012695312,0.9477999806404114,137.39100646972656
2023-03-09,231.5392608642578,0.9479100108146667,137.2259979248047
2023-03-10,218.13465881347656,0.9447600245475769,136.39500427246094
2023-03-13,215.9149932861328,0.9360100030899048,134.97999572753906
2023-03-14,216.8470458984375,0.9323999881744385,133.11399841308594
2023-03-15,208.76583862304688,0.9321699738502502,134.39700317382812
2023-03-16,210.15914916992188,0.9448800086975098,132.9290008544922
2023-03-17,206.60382080078125,0.9421399831771851,133.3679962158203
2023-03-20,211.6966094970703,0.9364299774169922,132.28399658203125
2023-03-21,216.12637329101562,0.9329100251197815,131.39199829101562
2023-03-22,211.3506622314453,0.9281399846076965,132.34800720214844
2023-03-23,210.86061096191406,0.9199299812316895,131.1790008544922
2023-03-24,208.525634765625,0.9229300022125244,130.86500549316406
2023-03-27,209.47689819335938,0.9277999997138977,130.8459930419922
2023-03-28,211.55250549316406,0.925320029258728,131.23300170898438
2023-03-29,214.28143310546875,0.9225500226020813,131.04600524902344
2023-03-30,215.76121520996094,0.9222000241279602,132.5760040283203
2023-03-31,219.8931121826172,0.9170399904251099,133.2010040283203
2023-04-03,220.8828125,0.9256399869918823,133.3470001220703
2023-04-04,208.94842529296875,0.9164000153541565,132.2989959716797
2023-04-05,205.18165588378906,0.9124000072479248,131.48500061035156
2023-04-06,200.9921417236328,0.9171500205993652,130.9340057373047
2023-04-07,,0.9157400131225586,131.66900634765625
2023-04-10,207.10350036621094,0.9162899851799011,132.0970001220703
2023-04-11,211.9752655029297,0.9200199842453003,133.468994140625
2023-04-12,211.87918090820312,0.9159600138664246,133.593994140625
2023-04-13,213.00343322753906,0.9090999960899353,133.0850067138672
2023-04-14,214.93484497070312,0.9046000242233276,132.48699951171875
2023-04-17,216.433837890625,0.9101999998092651,133.9709930419922
2023-04-18,216.3954315185547,0.9153000116348267,134.4250030517578
2023-04-19,215.86692810058594,0.9111300110816956,134.04400634765625
2023-04-20,213.57997131347656,0.9130600094795227,134.70399475097656
2023-04-21,212.8070831298828,0.9114999771118164,133.99600219726562
2023-04-24,215.86000061035156,0.9097300171852112,133.96099853515625
2023-04-25,211.22264099121094,0.90420001745224,134.08399963378906
2023-04-26,208.8653106689453,0.9108800292015076,133.71099853515625
2023-04-27,207.0683135986328,0.9052000045776367,133.46499633789062
2023-04-28,211.3868865966797,0.9064499735832214,133.802001953125
2023-05-01,209.90870666503906,0.9081900119781494,136.38600158691406
2023-05-02,207.86053466796875,0.9116399884223938,137.52099609375
2023-05-03,208.3339385986328,0.9081900119781494,136.46600341796875
2023-05-04,203.25213623046875,0.9034299850463867,134.54400634765625
2023-05-05,207.80255126953125,0.9071999788284302,134.1790008544922
2023-05-08,207.5127410888672,0.9075499773025513,135.19900512695312
2023-05-09,206.25677490234375,0.9094099998474121,135.072998046875
2023-05-10,205.9476318359375,0.9120200276374817,135.28799438476562
2023-05-11,202.9140167236328,0.9104099869728088,134.08700561523438
2023-05-12,202.44061279296875,0.9164100289344788,134.4980010986328
2023-05-15,204.13131713867188,0.9214299917221069,135.82200622558594
2023-05-16,200.17987060546875,0.9196500182151794,136.0449981689453
2023-05-17,204.9138946533203,0.9203299880027771,136.42999267578125
2023-05-18,207.44509887695312,0.9226499795913696,137.61399841308594
2023-05-19,207.50308227539062,0.9280400276184082,138.6199951171875
2023-05-22,207.0006866455078,0.9239799976348877,137.69200134277344
2023-05-23,205.50323486328125,0.9249799847602844,138.6719970703125
2023-05-24,202.59518432617188,0.9285299777984619,138.59800720214844
2023-05-25,202.86570739746094,0.9296000003814697,139.2830047607422
2023-05-26,204.62405395507812,0.932449996471405,140.01699829101562
2023-05-29,,0.9325699806213379,140.87100219726562
2023-05-30,202.78842163085938,0.9339100122451782,140.4409942626953
2023-05-31,198.77902221679688,0.9316999912261963,139.79200744628906
2023-06-01,201.9865264892578,0.9350000023841858,139.1269989013672
2023-06-02,218.9516143798828,0.9293000102043152,138.7480010986328
2023-06-05,214.9325408935547,0.9347000122070312,140.20700073242188
2023-06-06,218.99989318847656,0.9335500001907349,139.38299560546875
2023-06-07,227.56936645507812,0.9347500205039978,139.52699279785156
2023-06-08,226.50665283203125,0.933929979801178,139.8990020751953
2023-06-09,227.06698608398438,0.9274100065231323,138.86300659179688
2023-06-12,229.83973693847656,0.9301499724388123,139.37100219726562
2023-06-13,237.12428283691406,0.9291099905967712,139.4600067138672
2023-06-14,235.07611083984375,0.9268400073051453,140.177001953125
2023-06-15,239.27874755859375,0.922249972820282,139.9770050048828
2023-06-16,236.96006774902344,0.9135800004005432,140.26800537109375
2023-06-19,,0.9139000177383423,141.86700439453125
2023-06-20,232.97962951660156,0.9153900146484375,141.8990020751953
2023-06-21,233.29844665527344,0.9157199859619141,141.3350067138672
2023-06-22,229.2987060546875,0.9096999764442444,141.68800354003906
2023-06-23,226.4969940185547,0.9125000238418579,143.02999877929688
2023-06-26,228.9219512939453,0.9168699979782104,143.54100036621094
2023-06-27,232.53521728515625,0.9165499806404114,143.4600067138672
2023-06-28,233.67526245117188,0.9126399755477905,143.8820037841797
2023-06-29,235.96495056152344,0.916100025177002,144.38900756835938
2023-06-30,237.713623046875,0.9201300144195557,144.77999877929688
2023-07-03,238.9502716064453,0.9168000221252441,144.3979949951172
2023-07-04,,0.9163299798965454,144.58399963378906
2023-07-05,236.5349884033203,0.9186999797821045,144.406005859375
2023-07-06,232.428955078125,0.9211000204086304,144.48899841308594
2023-07-07,236.87310791015625,0.9182199835777283,143.9510040283203
2023-07-10,240.380126953125,0.9115999937057495,142.20899963378906
2023-07-11,244.28323364257812,0.9085999727249146,141.2969970703125
2023-07-12,245.00782775878906,0.9079300165176392,140.1179962158203
2023-07-13,247.19125366210938,0.8973000049591064,138.31500244140625
2023-07-14,246.95936584472656,0.8909900188446045,138.0749969482422
2023-07-17,248.73704528808594,0.8906499743461609,138.6820068359375
2023-07-18,254.87193298339844,0.8898699879646301,138.72900390625
2023-07-19,255.1049346923828,0.89055997133255,139.02699279785156
2023-07-20,253.49322509765625,0.8924400210380554,139.59800720214844
2023-07-21,250.15330505371094,0.8978999853134155,139.86399841308594
2023-07-24,251.82327270507812,0.8988500237464905,141.75
2023-07-25,254.4350128173828,0.9039000272750854,141.52200317382812
2023-07-26,250.80381774902344,0.9049400091171265,140.91299438476562
2023-07-27,250.78440856933594,0.9026600122451782,140.36700439453125
2023-07-28,252.85243225097656,0.9108499884605408,138.86399841308594
2023-07-31,257.45452880859375,0.9070900082588196,140.75799560546875
2023-08-01,280.2513122558594,0.9092900156974792,142.322998046875
2023-08-02,279.2027893066406,0.9084399938583374,142.97000122070312
2023-08-03,273.2608947753906,0.9137300252914429,143.343994140625
2023-08-04,268.3966369628906,0.9131100177764893,142.59800720214844
2023-08-07,273.4549865722656,0.9088699817657471,141.87600708007812
2023-08-08,274.6589660644531,0.9088299870491028,142.5240020751953
2023-08-09,276.2511901855469,0.9125000238418579,143.2779998779297
2023-08-10,275.5619201660156,0.9109399914741516,143.7270050048828
2023-08-11,276.921142578125,0.910610020160675,144.85400390625
2023-08-14,276.26092529296875,0.9137099981307983,144.81700134277344
2023-08-15,269.2995300292969,0.9165999889373779,145.43699645996094
2023-08-16,266.5227355957031,0.9170799851417542,145.60800170898438
2023-08-17,267.16357421875,0.9195500016212463,146.33299255371094
2023-08-18,265.83343505859375,0.9195700287818909,145.71400451660156
2023-08-21,264.81396484375,0.9194899797439575,145.30499267578125
2023-08-22,262.33819580078125,0.9175699949264526,146.23800659179688
2023-08-23,265.0858154296875,0.92194002866745,145.76300048828125
2023-08-24,261.4643249511719,0.9203199744224548,144.67300415039062
2023-08-25,264.6295166015625,0.9259999990463257,146.06700134277344
2023-08-28,266.79461669921875,0.9261500239372253,146.531005859375
2023-08-29,271.8821105957031,0.923740029335022,146.46400451660156
2023-08-30,274.1152038574219,0.9200299978256226,145.98800659179688
2023-08-31,272.9501037597656,0.9146999716758728,146.0989990234375
2023-09-01,277.9211730957031,0.9221600294113159,145.47300720214844
2023-09-04,,0.9279999732971191,146.0570068359375
2023-09-05,273.43560791015625,0.9264000058174133,146.54299926757812
2023-09-06,274.66864013671875,0.9322999715805054,147.4709930419922
2023-09-07,273.24139404296875,0.9324700236320496,147.70899963378906
2023-09-08,274.0666809082031,0.9347699880599976,147.33099365234375
2023-09-11,273.8433532714844,0.9330000281333923,147.11300659179688
2023-09-12,273.6103210449219,0.9301999807357788,146.67799377441406
2023-09-13,267.8917236328125,0.9299499988555908,147.1580047607422
2023-09-14,274.3385314941406,0.9315999746322632,147.3459930419922
2023-09-15,271.0277404785156,0.9401000142097473,147.48199462890625
2023-09-18,272.7656555175781,0.9373599886894226,147.8679962158203
2023-09-19,271.5326232910156,0.9352200031280518,147.60499572753906
2023-09-20,270.50347900390625,0.9361500144004822,147.74200439453125
2023-09-21,264.1148986816406,0.9387000203132629,148.3209991455078
2023-09-22,265.1149597167969,0.9379500150680542,147.6439971923828
2023-09-25,266.28973388671875,0.9391000270843506,148.4340057373047
2023-09-26,261.67791748046875,0.9441400170326233,148.81100463867188
2023-09-27,264.77508544921875,0.946120023727417,149.0449981689453
2023-09-28,268.202392578125,0.9519000053405762,149.4980010986328
2023-09-29,265.05670166015625,0.9467499852180481,149.33700561523438
2023-10-02,263.81390380859375,0.9465000033378601,149.5399932861328
2023-10-03,261.1439514160156,0.9541299939155579,149.8509979248047
2023-10-04,257.318603515625,0.9549000263214111,149.19200134277344
2023-10-05,253.21160888671875,0.951740026473999,148.96600341796875
2023-10-06,258.2992248535156,0.948170006275177,148.46299743652344
2023-10-09,263.4060974121094,0.9463000297546387,149.16000366210938
2023-10-10,265.26055908203125,0.9452800154685974,148.32699584960938
2023-10-11,264.8916015625,0.9429699778556824,148.6280059814453
2023-10-12,261.76531982421875,0.9412400126457214,149.03599548339844
2023-10-13,260.1439514160156,0.9490600228309631,149.7899932861328
2023-10-16,262.9109802246094,0.9504299759864807,149.5659942626953
2023-10-17,264.71685791015625,0.9474800229072571,149.5780029296875
2023-10-18,251.6776580810547,0.9458000063896179,149.75900268554688
2023-10-19,245.53182983398438,0.9488999843597412,149.74200439453125
2023-10-20,243.19935607910156,0.944599986076355,149.802001953125
2023-10-23,241.3646697998047,0.9442899823188782,149.8800048828125
2023-10-24,243.5409393310547,0.9372199773788452,149.7689971923828
2023-10-25,239.04196166992188,0.943809986114502,149.85400390625
2023-10-26,236.59237670898438,0.9463199973106384,150.09800720214844
2023-10-27,232.81558227539062,0.9465699791908264,150.36599731445312
2023-10-30,236.3289031982422,0.9467499852180481,149.73300170898438
2023-10-31,220.6068115234375,0.9420599937438965,149.11099243164062
2023-11-01,226.24765014648438,0.9452599883079529,151.29400634765625
2023-11-02,233.36209106445312,0.9445499777793884,150.5749969482422
2023-11-03,234.9528350830078,0.9416999816894531,150.4969940185547
2023-11-06,232.54229736328125,0.9317799806594849,149.44900512695312
2023-11-07,229.2632293701172,0.932699978351593,149.98899841308594
2023-11-08,229.16563415527344,0.9349200129508972,150.39599609375
2023-11-09,228.51177978515625,0.9336699843406677,150.86399841308594
2023-11-10,233.90859985351562,0.9374200105667114,151.3489990234375
2023-11-13,235.85069274902344,0.9354400038719177,151.468994140625
2023-11-14,241.89166259765625,0.9344199895858765,151.64599609375
2023-11-15,245.0438690185547,0.9192600250244141,150.48500061035156
2023-11-16,242.2332305908203,0.9212700128555298,151.21499633789062
2023-11-17,246.9761962890625,0.9213399887084961,150.7050018310547
2023-11-20,244.41928100585938,0.9168400168418884,149.94200134277344
2023-11-21,243.40432739257812,0.9135800004005432,148.36199951171875
2023-11-22,240.086181640625,0.9158999919891357,148.15199279785156
2023-11-23,,0.9182000160217285,149.4600067138672
2023-11-24,241.40365600585938,0.9168999791145325,149.63499450683594
2023-11-27,241.43295288085938,0.9140400290489197,149.5709991455078
2023-11-28,241.54031372070312,0.9125400185585022,148.45199584960938
2023-11-29,243.44334411621094,0.9085999727249146,147.06300354003906
2023-11-30,244.68276977539062,0.911270022392273,147.03900146484375
2023-12-01,250.5773468017578,0.9180999994277954,147.99899291992188
2023-12-04,248.61572265625,0.918429970741272,146.39300537109375
2023-12-05,249.04513549804688,0.9226999878883362,147.32699584960938
2023-12-06,249.80636596679688,0.9264699816703796,147.18499755859375
2023-12-07,251.211669921875,0.9287899732589722,147.1840057373047
2023-12-08,253.25137329101562,0.9265999794006348,144.2779998779297
2023-12-11,254.63717651367188,0.9288700222969055,144.98300170898438
2023-12-12,255.1348876953125,0.9287999868392944,146.0850067138672
2023-12-13,261.5174255371094,0.92603999376297,145.27999877929688
2023-12-14,278.30322265625,0.9186000227928162,142.7729949951172
2023-12-15,278.8594665527344,0.9096199870109558,142.2790069580078
2023-12-18,278.8302307128906,0.9178299903869629,142.31300354003906
2023-12-19,285.9056396484375,0.9154300093650818,142.7220001220703
2023-12-20,282.73394775390625,0.9106600284576416,143.88900756835938
2023-12-21,283.0852355957031,0.9136000275611877,143.5229949951172
2023-12-22,283.36822509765625,0.9085800051689148,142.07000732421875
2023-12-25,,0.9068999886512756,142.3419952392578
2023-12-26,288.5113525390625,0.9074199795722961,142.22999572753906
2023-12-27,290.94140625,0.9055500030517578,142.46099853515625
2023-12-28,289.73126220703125,0.9002000093460083,141.3990020751953
2023-12-29,288.5504455566406,0.9034900069236755,141.42999267578125
2024-01-01,,0.9045000076293945,140.95199584960938
2024-01-02,285.6616516113281,0.9059000015258789,141.12600708007812
2024-01-03,277.45416259765625,0.9139299988746643,142.15499877929688
2024-01-04,279.2108459472656,0.9150999784469604,142.99899291992188
2024-01-05,281.9726867675781,0.9134600162506104,144.76499938964844
2024-01-08,285.2127990722656,0.91389000415802,144.71600341796875
2024-01-09,285.2518005371094,0.913100004196167,144.22999572753906
2024-01-10,286.2862243652344,0.9147099852561951,144.42799377441406
2024-01-11,285.0273132324219,0.9111499786376953,145.73399353027344
2024-01-12,283.4170837402344,0.910610020160675,145.04600524902344
2024-01-15,,0.9136000275611877,145.1490020751953
2024-01-16,280.3135986328125,0.9136000275611877,145.79400634765625
2024-01-17,271.9207458496094,0.919219970703125,147.24600219726562
2024-01-18,275.1119689941406,0.9186300039291382,148.1179962158203
2024-01-19,279.700439453125,0.919189989566803,148.1280059814453
2024-01-22,283.0241394042969,0.9180799722671509,148.12100219726562
2024-01-23,283.1809997558594,0.9190999865531921,148.14199829101562
2024-01-24,284.9947814941406,0.920989990234375,148.25100708007812
2024-01-25,294.8874816894531,0.918969988822937,147.59100341796875
2024-01-26,293.5736999511719,0.9219099879264832,147.72300720214844
2024-01-29,297.3189697265625,0.9222099781036377,148.13999938964844
2024-01-30,298.7994689941406,0.922980010509491,147.46800231933594
2024-01-31,294.4364929199219,0.92221999168396,147.36900329589844
2024-02-01,301.6721496582031,0.9255899786949158,146.99600219726562
2024-02-02,308.9273986816406,0.9195700287818909,146.4510040283203
2024-02-05,315.1139831542969,0.9276400208473206,148.50100708007812
2024-02-06,316.4081726074219,0.9309399724006653,148.63999938964844
2024-02-07,317.2611389160156,0.929610013961792,147.8179931640625
2024-02-08,315.7022399902344,0.9280099868774414,148.08599853515625
2024-02-09,310.9569396972656,0.9278799891471863,149.25900268554688
2024-02-12,315.3395080566406,0.9260799884796143,149.16700744628906
2024-02-13,306.7214050292969,0.928309977054596,149.40499877929688
2024-02-14,310.5157165527344,0.9337999820709229,150.7239990234375
2024-02-15,316.7513427734375,0.9317799806594849,150.54400634765625
2024-02-16,315.614013671875,0.9281700253486633,149.9459991455078
2024-02-19,,0.9272199869155884,150.09100341796875
2024-02-20,307.60382080078125,0.9280400276184082,150.27000427246094
2024-02-21,310.93731689453125,0.9247999787330627,149.93899536132812
2024-02-22,315.7904968261719,0.9241799712181091,150.35499572753906
2024-02-23,317.54547119140625,0.9237300157546997,150.48300170898438
2024-02-26,319.0161437988281,0.9242100119590759,150.4980010986328
2024-02-27,321.22216796875,0.9215800166130066,150.5659942626953
2024-02-28,323.1144104003906,0.9221000075340271,150.4949951171875
2024-02-29,327.4283447265625,0.9226099848747253,150.656005859375
2024-03-01,330.1147766113281,0.9254999756813049,150.09500122070312
2024-03-04,332.0265808105469,0.9222800135612488,150.10499572753906
2024-03-05,327.0067138671875,0.9212200045585632,150.46600341796875
2024-03-06,329.065673828125,0.9211500287055969,150.0489959716797
2024-03-07,333.56591796875,0.9174699783325195,149.2689971923828
2024-03-08,332.55609130859375,0.9132300019264221,147.8679962158203
2024-03-11,328.4185791015625,0.9138299822807312,146.7740020751953
2024-03-12,330.6441650390625,0.9147999882698059,146.73199462890625
2024-03-13,334.8404541015625,0.9150999784469604,147.61900329589844
2024-03-14,335.232666015625,0.9128000140190125,147.62100219726562
2024-03-15,340.18389892578125,0.9188299775123596,148.29600524902344
2024-03-18,345.0174865722656,0.9189000129699707,148.9550018310547
2024-03-19,346.97833251953125,0.9196299910545349,149.1439971923828
2024-03-20,349.478515625,0.9205300211906433,151.03500366210938
2024-03-21,357.4298400878906,0.9143099784851074,150.75999450683594
2024-03-22,351.1059875488281,0.9206100106239319,151.63299560546875
2024-03-25,348.98828125,0.925279974937439,151.30499267578125
2024-03-26,349.419677734375,0.9226599931716919,151.3730010986328
2024-03-27,357.5180969238281,0.9231600165367126,151.52999877929688
2024-03-28,359.2632751464844,0.924780011177063,151.28700256347656
2024-03-29,,0.9264000058174133,151.44000244140625
2024-04-01,356.6258850097656,0.9265499711036682,151.3979949951172
2024-04-02,357.694580078125,0.9313399791717529,151.58099365234375
2024-04-03,368.44024658203125,0.928629994392395,151.5399932861328
2024-04-04,362.5576171875,0.9226499795913696,151.58099365234375
2024-04-05,371.881591796875,0.922760009765625,151.29200744628906
2024-04-08,366.16558837890625,0.9233199954032898,151.69000244140625
2024-04-09,364.6263122558594,0.9204999804496765,151.84300231933594
2024-04-10,364.7929992675781,0.9208700060844421,151.77699279785156
2024-04-11,364.7047424316406,0.9309499859809875,152.96400451660156
2024-04-12,358.47894287109375,0.9322400093078613,153.19200134277344
2024-04-15,356.7926025390625,0.9390000104904175,153.2830047607422
2024-04-16,352.8414001464844,0.9411100149154663,154.20599365234375
2024-04-17,351.3119201660156,0.9414899945259094,154.697998046875
2024-04-18,350.92950439453125,0.9372599720954895,154.3419952392578
2024-04-19,348.99102783203125,0.9394800066947937,154.61000061035156
2024-04-22,351.89385986328125,0.9382399916648865,154.63999938964844
2024-04-23,357.4437255859375,0.9386100172996521,154.81300354003906
2024-04-24,357.7093811035156,0.9341999888420105,154.74400329589844
2024-04-25,332.5973205566406,0.9345899820327759,155.25900268554688
2024-04-26,337.891357421875,0.9319999814033508,155.5970001220703
2024-04-29,344.2087097167969,0.9339799880981445,158.2239990234375
2024-04-30,329.2221374511719,0.933210015296936,156.31399536132812
2024-05-01,325.77813720703125,0.9375100135803223,157.7220001220703
2024-05-02,330.0782470703125,0.932699978351593,155.70399475097656
2024-05-03,331.3673095703125,0.9316999912261963,153.0449981689453
2024-05-06,336.6318054199219,0.9295300245285034,153.5659942626953
2024-05-07,339.48541259765625,0.9287199974060059,154.23699951171875
2024-05-08,338.9934387207031,0.9301900267601013,154.7480010986328
2024-05-09,346.1570739746094,0.9304999709129333,155.41900634765625
2024-05-10,349.11895751953125,0.9272000193595886,155.38900756835938
2024-05-13,350.9787292480469,0.9284700155258179,155.8179931640625
2024-05-14,352.45477294921875,0.9264799952507019,156.23300170898438
2024-05-15,354.2850646972656,0.9246799945831299,156.4980010986328
2024-05-16,345.114013671875,0.9182900190353394,154.28199768066406
2024-05-17,350.5752868652344,0.9201499819755554,155.37899780273438
2024-05-20,356.9516906738281,0.9194999933242798,155.75399780273438
2024-05-21,353.3305358886719,0.920740008354187,156.3699951171875
2024-05-22,350.25054931640625,0.9212200045585632,156.25100708007812
2024-05-23,345.0943298339844,0.923770010471344,156.70399475097656
2024-05-24,343.3230895996094,0.924839973449707,156.97300720214844
2024-05-27,,0.9218599796295166,156.8699951171875
2024-05-28,340.9319152832031,0.9206500053405762,156.84500122070312
2024-05-29,332.70556640625,0.921500027179718,157.26199340820312
2024-05-30,333.8273620605469,0.9257699847221375,157.60800170898438
2024-05-31,333.1090087890625,0.9229000210762024,156.9530029296875
2024-06-03,326.0634460449219,0.9214000105857849,157.17999267578125
2024-06-04,322.33404541015625,0.9168099761009216,156.0760040283203
2024-06-05,324.1839904785156,0.9189599752426147,155.12399291992188
2024-06-06,323.0425109863281,0.9195799827575684,155.9290008544922
2024-06-07,323.68212890625,0.917900025844574,155.69700622558594
2024-06-10,324.3414001464844,0.9277399778366089,156.83299255371094
2024-06-11,322.07818603515625,0.9290000200271606,157.0399932861328
2024-06-12,323.4754943847656,0.9310700297355652,157.10499572753906
2024-06-13,321.14337158203125,0.9247999787330627,156.8000030517578
2024-06-14,316.3315734863281,0.9312000274658203,157.1280059814453
2024-06-17,317.2466735839844,0.9343900084495544,157.54600524902344
2024-06-18,319.9429016113281,0.9310399889945984,157.6999969482422
2024-06-19,,0.930899977684021,157.87100219726562
2024-06-20,323.86907958984375,0.9301000237464905,157.95799255371094
2024-06-21,322.5997314453125,0.9340199828147888,158.93099975585938
2024-06-24,324.7252197265625,0.9356499910354614,159.86099243164062
2024-06-25,322.166748046875,0.9317299723625183,159.68600463867188
2024-06-26,321.5074768066406,0.9337400197982788,159.68600463867188
2024-06-27,322.22576904296875,0.9363200068473816,160.62100219726562
2024-06-28,327.7756652832031,0.9338399767875671,160.68699645996094
2024-07-01,323.81988525390625,0.9315099716186523,160.90699768066406
2024-07-02,322.52099609375,0.9313499927520752,161.51199340820312
2024-07-03,325.3254089355469,0.9303699731826782,161.50399780273438
2024-07-04,,0.9265000224113464,161.62100219726562
2024-07-05,323.1015625,0.9250100255012512,161.35800170898438
2024-07-08,323.8002014160156,0.9236999750137329,160.63800048828125
2024-07-09,320.8481750488281,0.9232800006866455,160.85699462890625
2024-07-10,323.2294921875,0.9246600270271301,161.33099365234375
2024-07-11,325.837158203125,0.9230800271034241,161.60699462890625
2024-07-12,330.2258605957031,0.919730007648468,158.2010040283203
2024-07-15,340.24310302734375,0.9186499714851379,158.31300354003906
2024-07-16,354.81640625,0.9172999858856201,158.14100646972656
2024-07-17,352.080810546875,0.9172199964523315,158.35000610351562
2024-07-18,350.339111328125,0.9140599966049194,155.68600463867188
2024-07-19,342.0733642578125,0.9172999858856201,157.14999389648438
2024-07-22,343.70361328125,0.9175000190734863,157.4219970703125
2024-07-23,340.0479736328125,0.9182900190353394,156.89100646972656
2024-07-24,332.0153503417969,0.9215999841690063,155.76800537109375
2024-07-25,340.1763610839844,0.9225500226020813,153.89100646972656
2024-07-26,346.28240966796875,0.9215499758720398,153.69700622558594
2024-07-29,340.40362548828125,0.9213399887084961,154.13900756835938
2024-07-30,337.62725830078125,0.9242600202560425,153.83299255371094
2024-07-31,342.05364990234375,0.9245499968528748,152.6699981689453
2024-08-01,327.5494384765625,0.9238799810409546,149.74400329589844
2024-08-02,317.0270080566406,0.9269899725914001,149.2010040283203
2024-08-05,313.0057373046875,0.9165199995040894,145.58399963378906
2024-08-06,322.5303039550781,0.9131600260734558,145.7899932861328
2024-08-07,321.89794921875,0.9152299761772156,144.73199462890625
2024-08-08,332.1338806152344,0.9150699973106384,146.12399291992188
2024-08-09,334.208740234375,0.9161099791526794,147.66900634765625
2024-08-12,332.0054626464844,0.9162700176239014,147.04200744628906
2024-08-13,334.74224853515625,0.9143900275230408,146.98199462890625
2024-08-14,333.5467834472656,0.9093400239944458,146.9709930419922
2024-08-15,341.5003662109375,0.9079999923706055,147.2530059814453
2024-08-16,339.3662414550781,0.9113500118255615,149.2220001220703
2024-08-19,340.5221862792969,0.9070299863815308,147.95599365234375
2024-08-20,339.1883544921875,0.9020000100135803,146.69900512695312
2024-08-21,338.8623046875,0.898639976978302,145.3470001220703
2024-08-22,338.2596130371094,0.8964300155639648,145.1179962158203
2024-08-23,344.2371520996094,0.8995100259780884,146.20199584960938
2024-08-26,346.9542236328125,0.8938199877738953,144.0
2024-08-27,346.9147033691406,0.8956800103187561,144.51600646972656
2024-08-28,344.0296936035156,0.8946200013160706,143.97500610351562
2024-08-29,347.4284973144531,0.8988800048828125,144.43299865722656
2024-08-30,351.8350830078125,0.9024900197982788,144.88999938964844
2024-09-02,,0.9053999781608582,146.38099670410156
2024-09-03,336.1650085449219,0.9035500288009644,146.7220001220703
2024-09-04,332.7168273925781,0.9050700068473816,145.35299682617188
2024-09-05,329.5650329589844,0.9024900197982788,143.32400512695312
2024-09-06,325.415283203125,0.8999999761581421,143.39300537109375
2024-09-09,330.0392761230469,0.9019399881362915,142.48599243164062
2024-09-10,330.1578369140625,0.906000018119812,143.177001953125
2024-09-11,330.9877624511719,0.9073600172996521,142.23399353027344
2024-09-12,335.51287841796875,0.9081900119781494,142.58999633789062
2024-09-13,341.1742858886719,0.9027000069618225,141.49899291992188
2024-09-16,343.79254150390625,0.9018399715423584,140.7899932861328
2024-09-17,349.4539489746094,0.8985099792480469,140.7899932861328
2024-09-18,350.8667907714844,0.8990300297737122,142.01499938964844
2024-09-19,368.83892822265625,0.8996999859809875,142.7100067138672
2024-09-20,364.4027404785156,0.8959000110626221,142.85800170898438
2024-09-23,366.7245788574219,0.8959900140762329,144.00399780273438
2024-09-24,381.3077697753906,0.8999500274658203,143.63800048828125
2024-09-25,373.71978759765625,0.893559992313385,142.96299743652344
2024-09-26,386.2775573730469,0.898389995098114,144.68299865722656
2024-09-27,386.3961181640625,0.8946800231933594,145.0760040283203
2024-09-30,386.4356384277344,0.8952699899673462,142.7830047607422
2024-10-01,387.6904296875,0.8979399800300598,143.7100067138672
2024-10-02,389.33050537109375,0.9038400053977966,143.73599243164062
2024-10-03,386.406005859375,0.9050999879837036,146.58200073242188
2024-10-04,392.3341369628906,0.9061599969863892,146.83999633789062
2024-10-07,393.4802551269531,0.9111999869346619,148.82000732421875
2024-10-08,383.3134765625,0.9110999703407288,148.14599609375
2024-10-09,391.44488525390625,0.9110999703407288,148.15899658203125
2024-10-10,391.8895568847656,0.9138000011444092,149.16000366210938
2024-10-11,397.205078125,0.9145900011062622,148.70399475097656
2024-10-14,389.23175048828125,0.9153000116348267,149.33399963378906
2024-10-15,383.3431396484375,0.9166600108146667,149.6699981689453
2024-10-16,388.9056701660156,0.9187700152397156,149.0989990234375
2024-10-17,389.7652587890625,0.9205999970436096,149.5760040283203
2024-10-18,389.1427917480469,0.9233999848365784,150.10000610351562
2024-10-21,387.189453125,0.9200800061225891,149.60000610351562
2024-10-22,385.1864318847656,0.9243999719619751,150.60499572753906
2024-10-23,382.4794616699219,0.9261599779129028,151.13800048828125
2024-10-24,383.7982482910156,0.9276000261306763,152.7689971923828
2024-10-25,382.7174377441406,0.9238600134849548,151.7830047607422
2024-10-28,387.3183288574219,0.9262199997901917,152.95199584960938
2024-10-29,384.24444580078125,0.9244899749755859,153.1790008544922
2024-10-30,376.04412841796875,0.9241600036621094,153.2740020751953
2024-10-31,373.02978515625,0.9208800196647644,153.20399475097656
2024-11-01,376.4308776855469,0.9186000227928162,151.97999572753906
2024-11-04,373.3470458984375,0.9195799827575684,152.28700256347656
2024-11-05,380.13934326171875,0.9196199774742126,152.2760009765625
2024-11-06,413.3669738769531,0.9145399928092957,151.43499755859375
2024-11-07,404.77001953125,0.9316999912261963,154.32000732421875
2024-11-08,390.0550537109375,0.9263399839401245,153.17999267578125
2024-11-11,393.1983642578125,0.9332799911499023,152.9040069580078
2024-11-12,389.6981201171875,0.9376999735832214,153.47999572753906
2024-11-13,383.80816650390625,0.9419100284576416,154.65499877929688
2024-11-14,384.095703125,0.9466000199317932,155.4290008544922
2024-11-15,380.8334655761719,0.9496600031852722,156.46800231933594
2024-11-18,381.22015380859375,0.9493299722671509,154.66400146484375
2024-11-19,379.10809326171875,0.9438499808311462,154.61700439453125
2024-11-20,378.28509521484375,0.9427199959754944,154.71800231933594
2024-11-21,386.30694580078125,0.9482100009918213,155.2949981689453
2024-11-22,394.1403503417969,0.9551699757575989,154.21800231933594
2024-11-25,402.2315979003906,0.9542099833488464,154.14599609375
2024-11-26,404.3932189941406,0.9574599862098694,154.3780059814453
2024-11-27,400.29803466796875,0.9531800150871277,153.00900268554688
2024-11-28,,0.9467499852180481,151.33599853515625
2024-11-29,402.6877136230469,0.9466999769210815,151.1739959716797
2024-12-02,399.1180725097656,0.9483100175857544,149.8979949951172
2024-12-03,395.89544677734375,0.952269971370697,149.50799560546875
2024-12-04,396.1433410644531,0.9513999819755554,149.64700317382812
2024-12-05,391.6515197753906,0.9510999917984009,150.56700134277344
2024-12-06,391.70111083984375,0.9446799755096436,150.20700073242188
2024-12-09,395.89544677734375,0.9464799761772156,150.02999877929688
2024-12-10,385.1170654296875,0.9473999738693237,151.4080047607422
2024-12-11,385.5929870605469,0.949400007724762,151.8070068359375
2024-12-12,377.5711669921875,0.9517599940299988,152.2449951171875
2024-12-13,377.3034362792969,0.9547399878501892,152.58700561523438
2024-12-16,375.72686767578125,0.9514700174331665,153.4530029296875
2024-12-17,372.63311767578125,0.9508100152015686,154.08599853515625
2024-12-18,360.8235168457031,0.9528300166130066,153.57200622558594
2024-12-19,357.3331604003906,0.966159999370575,154.67300415039062
2024-12-20,362.9554138183594,0.9647899866104126,157.6439971923828
2024-12-23,362.3108825683594,0.9584900140762329,156.5330047607422
2024-12-24,364.4725036621094,0.9610000252723694,157.1649932861328
2024-12-25,,0.9613000154495239,157.10699462890625
2024-12-26,364.0262756347656,0.9615799784660339,157.13299560546875
2024-12-27,361.7853088378906,0.9593999981880188,157.7480010986328
2024-12-30,359.950927734375,0.9588299989700317,157.8730010986328
2024-12-31,359.70306396484375,0.9609699845314026,156.9949951171875
2025-01-02,356.73822021484375,0.9660099744796753,157.718994140625
2025-01-03,360.724365234375,0.9738799929618835,157.36199951171875
2025-01-06,361.1308898925781,0.9703699946403503,157.4810028076172
2025-01-07,359.9410095214844,0.9628000259399414,157.7429962158203
2025-01-08,358.02728271484375,0.9666000008583069,158.23599243164062
2025-01-09,,0.9694899916648865,158.19200134277344
2025-01-10,348.0421142578125,0.9710999727249146,158.04800415039062
2025-01-13,359.4451904296875,0.976140022277832,157.88699340820312
2025-01-14,368.43878173828125,0.9741600155830383,157.36399841308594
2025-01-15,371.7308349609375,0.970229983329773,158.0500030517578
2025-01-16,377.34307861328125,0.9713199734687805,156.2550048828125
2025-01-17,382.7669982910156,0.9706900119781494,155.3560028076172
2025-01-20,,0.9730100035667419,156.30599975585938
2025-01-21,396.45111083984375,0.959630012512207,155.24899291992188
2025-01-22,395.7046813964844,0.9609900116920471,155.7740020751953
2025-01-23,404.45257568359375,0.9606000185012817,156.44000244140625
2025-01-24,405.67669677734375,0.9600600004196167,156.15499877929688
2025-01-27,393.0873107910156,0.9553300142288208,155.74400329589844
2025-01-28,388.4197998046875,0.9573900103569031,154.90899658203125
2025-01-29,391.345703125,0.9588599801063538,155.5590057373047
2025-01-30,373.18316650390625,0.9592099785804749,155.1699981689453
2025-01-31,369.6601257324219,0.9617900252342224,154.0970001220703
2025-02-03,359.8175048828125,0.975820004940033,155.36300659179688
2025-02-04,360.2156066894531,0.9682999849319458,155.27699279785156
2025-02-05,357.1304626464844,0.9640600085258484,154.13299560546875
2025-02-06,363.6988220214844,0.9614599943161011,152.6060028076172
2025-02-07,362.1363525390625,0.9628599882125854,151.1929931640625
2025-02-10,361.4794921875,0.9697800278663635,151.8459930419922
2025-02-11,360.4942626953125,0.9707300066947937,151.75900268554688
2025-02-12,350.35308837890625,0.9647899866104126,152.73899841308594
2025-02-13,352.005126953125,0.9622799754142761,154.2550048828125
2025-02-14,351.626953125,0.9558699727058411,152.98899841308594
2025-02-17,,0.9533600211143494,152.0229949951172
2025-02-18,352.3036804199219,0.9537100195884705,151.44400024414062
2025-02-19,351.3084716796875,0.9570900201797485,151.93099975585938
2025-02-20,347.4769287109375,0.9595999717712402,151.22000122070312
2025-02-21,338.41058349609375,0.9523299932479858,149.4080047607422
2025-02-24,337.29595947265625,0.9546700119972229,149.38699340820312
2025-02-25,340.7194519042969,0.9559000134468079,149.86399841308594
2025-02-26,340.9383850097656,0.9502000212669373,149.0780029296875
2025-02-27,338.3707580566406,0.9534000158309937,148.83799743652344
2025-02-28,342.3018493652344,0.9619899988174438,150.01199340820312
2025-03-03,330.44891357421875,0.9602599740028381,150.77099609375
2025-03-04,325.18426513671875,0.9537400007247925,149.30499267578125
2025-03-05,336.86798095703125,0.9409999847412109,149.7989959716797
2025-03-06,339.3759460449219,0.926360011100769,148.8979949951172
2025-03-07,348.62139892578125,0.9269599914550781,148.10800170898438
2025-03-10,343.5557861328125,0.9207599759101868,147.60800170898438
2025-03-11,338.141845703125,0.9225599765777588,147.06900024414062
2025-03-12,336.5097351074219,0.9162399768829346,148.04200744628906
2025-03-13,331.71282958984375,0.9185900092124939,148.2790069580078
2025-03-14,338.01251220703125,0.921180009841919,147.94900512695312
2025-03-17,340.9981384277344,0.9190099835395813,148.59800720214844
2025-03-18,335.0965270996094,0.9158200025558472,149.37899780273438
2025-03-19,336.99737548828125,0.9141200184822083,149.45199584960938
2025-03-20,334.63873291015625,0.9164299964904785,148.49000549316406
2025-03-21,334.1709899902344,0.9210900068283081,148.5959930419922
2025-03-24,340.03277587890625,0.9228699803352356,149.677001953125
2025-03-25,340.97821044921875,0.9256200194358826,150.7740020751953
2025-03-26,339.4754333496094,0.9269999861717224,149.9499969482422
2025-03-27,337.6741027832031,0.9309200048446655,150.47300720214844
2025-03-28,328.11016845703125,0.9258400201797485,150.8470001220703
2025-03-31,328.2196350097656,0.9238799810409546,149.61700439453125
2025-04-01,328.9859619140625,0.924310028553009,149.91299438476562
2025-04-02,333.0563659667969,0.9262700080871582,149.7830047607422
2025-04-03,304.29486083984375,0.916700005531311,147.8719940185547
2025-04-04,286.6995544433594,0.905489981174469,146.2310028076172
2025-04-07,278.7179870605469,0.9103699922561646,145.43299865722656
2025-04-08,272.6273193359375,0.9161400198936462,147.78900146484375
2025-04-09,299.567626953125,0.9107099771499634,145.84500122070312
2025-04-10,287.7743835449219,0.913070023059845,147.3990020751953
2025-04-11,292.0438537597656,0.8882700204849243,143.7469940185547
2025-04-14,296.6914367675781,0.8815900087356567,143.6959991455078
2025-04-15,292.02392578125,0.8818600177764893,143.2209930419922
2025-04-16,288.74969482421875,0.8855299949645996,143.18099975585938
2025-04-17,292.8399963378906,0.8774399757385254,141.92799377441406
2025-04-21,284.739990234375,,
2025-04-22,291.1700134277344,0.8686000108718872,140.87600708007812
2025-04-23,295.7699890136719,0.8809599876403809,142.68800354003906
2025-04-24,306.8599853515625,0.8828200101852417,143.22300720214844
2025-04-25,306.45001220703125,0.879360020160675,142.87899780273438
2025-04-28,307.05999755859375,0.8815900087356567,143.84100341796875
2025-04-29,307.3999938964844,0.8764899969100952,142.17799377441406
2025-04-30,309.2699890136719,0.8780199885368347,142.2989959716797
2025-05-01,313.9599914550781,0.8830100297927856,143.00900268554688
2025-05-02,323.67999267578125,0.8852300047874451,145.447998046875
